reservoir_id,reservoir_name,date,source_type,storage_current (million m^3),storage_pct_current (%),storage_prev_year_same_day (million m^3),storage_pct_prev_year_same_day (%),storage_jan1_current_year (million m^3),storage_jan1_prev_year (million m^3),inflow_daily (million m^3/day),inflow_ytd (million m^3),outflow_daily (million m^3/day),outflow_ytd (million m^3),usable_water_current (million m^3)
200102,เขื่อนสิริกิติ์,2026-05-17,large,5333.25,56.0,5174.56,54.0,8814.75,8391.26,5.41,479.19,19.96,3785.26,
200101,เขื่อนภูมิพล,2026-05-17,large,7795.17,58.0,7216.83,54.0,12936.11,10285.31,13.59,782.01,25.05,5535.68,
100104,เขื่อนแม่กวงอุดมธารา,2026-05-17,large,162.71,62.0,130.0,49.0,257.55,212.05,0.24,26.49,0.08,121.3,
100107,เขื่อนแควน้อยบำรุงแดน,2026-05-17,large,239.89,26.0,337.08,36.0,833.05,781.4,1.49,18.4,3.89,576.32,
200103,เขื่อนแม่งัดสมบูรณ์ชล,2026-05-17,large,164.04,62.0,146.51,55.0,277.75,284.3,0.98,21.46,0.28,133.33,
100108,เขื่อนแม่มอก,2026-05-17,large,30.96,28.0,27.86,25.0,98.94,83.4,0.08,5.34,0.08,73.0,
100105,เขื่อนกิ่วลม,2026-05-17,large,67.03,63.0,28.24,27.0,104.97,99.9,0.91,176.4,0.25,212.8,
100106,เขื่อนกิ่วคอหมา,2026-05-17,large,73.93,43.0,92.65,55.0,185.21,180.86,0.42,20.28,0.18,131.73,
200205,เขื่อนอุบลรัตน์,2026-05-17,large,1006.74,41.0,750.08,31.0,2102.29,1810.27,1.09,125.99,6.48,938.72,
200204,เขื่อนจุฬาภรณ์,2026-05-17,large,81.51,50.0,53.47,33.0,154.41,108.62,0.2,18.18,,63.6,
200203,เขื่อนน้ำพุง,2026-05-17,large,75.85,46.0,51.37,31.0,131.7,78.1,0.68,13.29,0.62,50.99,
200212,เขื่อนสิรินธร,2026-05-17,large,1002.46,51.0,1062.45,54.0,1649.3,1423.26,,95.36,1.03,329.08,
100208,เขื่อนลำพระเพลิง,2026-05-17,large,72.94,47.0,74.95,48.0,87.31,89.69,0.1,6.79,0.06,12.98,
100207,เขื่อนลำตะคอง,2026-05-17,large,104.66,33.0,53.27,17.0,168.46,93.55,0.13,10.83,0.13,41.53,
100210,เขื่อนลำแชะ,2026-05-17,large,106.59,39.0,111.65,41.0,228.8,148.45,,5.68,1.16,99.01,
100201,เขื่อนห้วยหลวง,2026-05-17,large,37.32,28.0,38.61,28.0,115.13,98.39,,0.0,0.08,59.78,
100206,เขื่อนลำปาว,2026-05-17,large,782.1,40.0,697.28,35.0,1746.89,1642.47,0.96,140.07,0.36,916.65,
100211,เขื่อนลำนางรอง,2026-05-17,large,49.74,41.0,38.47,32.0,60.67,43.66,0.05,5.45,,5.16,
100209,เขื่อนมูลบน,2026-05-17,large,54.71,39.0,62.13,44.0,73.21,80.46,,6.37,0.03,17.42,
100202,เขื่อนน้ำอูน,2026-05-17,large,243.5,47.0,233.75,45.0,417.63,394.0,0.18,41.69,0.53,155.34,
100301,เขื่อนป่าสักชลสิทธิ์,2026-05-17,large,183.82,19.0,161.49,17.0,751.88,764.3,,37.91,1.73,480.5,
100302,เขื่อนทับเสลา,2026-05-17,large,109.87,69.0,57.96,36.0,160.0,64.04,,0.54,,50.74,
100303,เขื่อนกระเสียว,2026-05-17,large,117.5,39.0,92.5,31.0,243.01,204.94,0.61,24.0,0.96,121.37,
200402,เขื่อนวชิราลงกรณ,2026-05-17,large,3747.45,42.0,5010.43,57.0,7312.2,7312.2,0.63,84.17,9.09,3175.82,
200401,เขื่อนศรีนครินทร์,2026-05-17,large,14283.23,80.0,12768.96,72.0,16108.26,14666.85,7.02,502.56,20.95,1872.98,
100514,เขื่อนนฤบดินทรจินดา,2026-05-17,large,94.92,32.0,84.92,29.0,266.8,224.51,0.06,4.33,1.06,158.2,
100503,เขื่อนบางพระ,2026-05-17,large,53.2,45.0,66.16,57.0,101.8,96.64,0.17,10.42,0.4,56.52,
100501,เขื่อนขุนด่านปราการชล,2026-05-17,large,27.73,12.0,48.94,22.0,188.54,179.29,0.01,0.36,0.38,158.79,
100502,เขื่อนคลองสียัด,2026-05-17,large,42.32,10.0,44.9,11.0,122.81,191.17,0.12,13.94,0.01,85.3,
100504,เขื่อนหนองปลาไหล,2026-05-17,large,79.2,48.0,117.14,72.0,147.98,154.99,,18.19,0.51,82.76,
100505,เขื่อนประแสร์,2026-05-17,large,169.8,58.0,139.62,47.0,271.02,241.52,0.36,18.21,0.57,89.58,
200603,เขื่อนรัชชประภา,2026-05-17,large,3322.54,59.0,3498.3,62.0,4464.08,4123.64,3.73,410.95,15.14,1461.84,
200604,เขื่อนบางลาง,2026-05-17,large,889.98,61.0,1142.96,79.0,1018.8,1128.06,13.48,325.52,3.49,430.8,
200601,เขื่อนแก่งกระจาน,2026-05-17,large,227.75,32.0,249.54,35.0,523.14,477.85,1.03,115.62,2.42,394.78,
100602,เขื่อนปราณบุรี,2026-05-17,large,84.14,22.0,130.07,33.0,195.66,192.19,0.06,5.4,0.46,77.75,
rsv01,อ่างเก็บน้ำห้วยแม่ออน,2026-05-17,middle,3.132,69.14,1.997,44.08,3.411,,0.022,,0.041,,2.332
rsv02,อ่างเก็บน้ำแม่จอกหลวง,2026-05-17,middle,1.27,115.45,0.863,78.45,0.135,,,,0.003,,1.17
rsv03,อ่างเก็บน้ำห้วยมะนาว,2026-05-17,middle,3.9,90.7,2.865,66.63,0.738,,0.002,,,,3.8
rsv04,อ่างเก็บน้ำห้วยโป่งจ้อ,2026-05-17,middle,2.406,86.8,1.595,57.54,1.532,,0.018,,,,2.356
rsv05,อ่างเก็บน้ำแม่ตูบ,2026-05-17,middle,35.45,90.9,25.05,64.23,5.497,,0.02,,,,34.95
rsv06,อ่างเก็บน้ำแม่โก๋น,2026-05-17,middle,3.553,64.25,1.64,29.66,3.273,,0.019,,0.013,,3.233
rsv07,อ่างเก็บน้ำห้วยเดื่อ,2026-05-17,middle,3.099,72.47,1.159,27.1,13.411,,0.189,,0.026,,2.816
rsv08,อ่างเก็บน้ำแม่แหลงหลวง,2026-05-17,middle,2.476,68.0,2.27,62.35,6.515,,0.032,,0.043,,2.349
rsv09,อ่างเก็บน้ำแม่ข้อน,2026-05-17,middle,3.798,93.09,3.498,85.74,13.287,,0.016,,,,3.448
rsv10,อ่างเก็บน้ำสันหนอง,2026-05-17,middle,1.377,94.97,1.05,72.41,2.674,,0.024,,0.052,,1.027
rsv11,อ่างเก็บน้ำแม่ทะลบหลวง,2026-05-17,middle,11.17,73.01,8.862,57.92,5.193,,0.021,,0.062,,8.87
rsv531,อ่างเก็บน้ำ แม่สะลวม,2026-05-17,middle,9.07,55.85,7.075,43.57,6.012,,0.066,,0.086,,8.52
rsv13,อ่างเก็บน้ำแม่ตีบ,2026-05-17,middle,7.364,73.64,7.748,77.48,0.718,,0.154,,,,6.864
rsv14,อ่างเก็บน้ำแม่สาน,2026-05-17,middle,14.028,87.67,9.812,61.32,1.12,,0.241,,,,13.768
rsv15,อ่างเก็บน้ำแม่ธิ,2026-05-17,middle,2.316,46.32,3.358,67.16,0.076,,0.019,,0.019,,2.166
rsv16,อ่างเก็บน้ำแม่เมย,2026-05-17,middle,2.374,65.94,2.936,81.56,0.0,,,,,,2.354
rsv19,อ่างเก็บน้ำห้วยช้าง,2026-05-17,middle,1.16,18.41,1.882,29.87,1.561,,0.08,,,,0.86
rsv20,อ่างเก็บน้ำแม่ต๊าก,2026-05-17,middle,3.03,33.67,3.92,43.56,0.13,,,,,,1.58
rsv21,อ่างเก็บน้ำแม่สรวย,2026-05-17,middle,46.543,63.76,38.252,52.4,26.174,,0.425,,0.425,,43.543
rsv483,อ่างเก็บน้ำดอยงู,2026-05-17,middle,3.968,53.84,3.66,49.66,4.596,,0.054,,0.008,,2.628
rsv22,อ่างเก็บน้ำแม่ทะ,2026-05-17,middle,2.0,78.74,1.892,74.49,0.911,,0.001,,0.005,,1.76
rsv23,อ่างเก็บน้ำแม่อาบ,2026-05-17,middle,5.458,72.2,5.219,69.03,0.908,,0.087,,0.012,,4.918
rsv24,อ่างเก็บน้ำแม่ทาน,2026-05-17,middle,11.284,82.97,9.444,69.44,1.718,,0.167,,0.147,,9.924
rsv25,อ่างเก็บน้ำห้วยสมัย,2026-05-17,middle,1.085,90.42,0.834,69.5,0.361,,0.043,,0.041,,0.925
rsv26,อ่างเก็บน้ำแม่พริก,2026-05-17,middle,3.06,72.86,2.672,63.62,0.338,,0.015,,,,2.66
rsv27,อ่างเก็บน้ำแม่เลียงพัฒนา,2026-05-17,middle,5.31,76.96,4.904,71.07,1.449,,0.1,,0.055,,4.51
rsv29,อ่างเก็บน้ำแม่ทรายคำ,2026-05-17,middle,0.933,74.76,0.874,70.03,0.923,,0.001,,0.013,,0.795
rsv30,อ่างเก็บน้ำห้วยหลวงวังวัว,2026-05-17,middle,1.214,75.4,1.156,71.8,2.167,,,,0.006,,1.064
rsv31,อ่างเก็บน้ำห้วยแม่ค่อม,2026-05-17,middle,1.053,77.65,0.854,62.98,0.76,,,,0.004,,0.893
rsv32,อ่างเก็บน้ำแม่ต๋ำน้อย,2026-05-17,middle,0.802,80.2,0.743,74.3,1.463,,,,0.003,,0.732
rsv33,อ่างเก็บน้ำแม่เฟือง,2026-05-17,middle,0.687,60.69,0.576,50.88,0.975,,0.001,,,,0.509
rsv34,อ่างเก็บน้ำแม่ไฮ,2026-05-17,middle,0.931,76.0,0.73,59.59,0.52,,0.005,,,,0.816
rsv35,อ่างเก็บน้ำแม่ธิ,2026-05-17,middle,1.096,68.93,0.977,61.45,0.437,,0.004,,,,0.991
rsv36,อ่างเก็บน้ำห้วยแม่งอน,2026-05-17,middle,0.656,51.25,0.645,50.39,1.084,,0.003,,,,0.54
rsv37,อ่างเก็บน้ำแม่ต๋ำตอนล่าง,2026-05-17,middle,0.456,17.95,1.766,69.53,0.349,,0.006,,,,
rsv38,อ่างเก็บน้ำแม่วะ,2026-05-17,middle,4.64,78.64,4.053,68.69,1.704,,0.001,,0.004,,3.69
rsv39,อ่างเก็บน้ำแม่ล้อหัก,2026-05-17,middle,0.951,71.18,0.9,67.37,0.205,,0.014,,,,0.903
rsv40,อ่างเก็บน้ำแม่ทก,2026-05-17,middle,0.994,89.31,0.757,68.01,0.384,,0.06,,0.057,,0.94
rsv41,อ่างเก็บน้ำแม่เรียง,2026-05-17,middle,1.004,89.64,0.779,69.55,0.313,,0.018,,0.015,,0.666
rsv42,อ่างเก็บน้ำห้วยหลวง,2026-05-17,middle,1.126,89.37,0.18,14.29,0.247,,0.013,,0.01,,0.956
rsv43,อ่างเก็บน้ำแม่กึ๊ด,2026-05-17,middle,1.3,100.0,0.9,69.23,0.749,,0.069,,0.065,,1.14
rsv44,อ่างเก็บน้ำห้วยเกี๋ยง,2026-05-17,middle,8.395,72.37,7.598,65.5,1.063,,0.014,,,,7.795
rsv45,อ่างเก็บน้ำแม่ปอน,2026-05-17,middle,1.368,75.58,1.092,60.33,0.616,,0.006,,,,1.217
rsv46,อ่างเก็บน้ำห้วยแม่ยาว,2026-05-17,middle,2.391,68.71,2.183,62.73,0.848,,0.011,,,,2.111
rsv47,อ่างเก็บน้ำแม่ไพร,2026-05-17,middle,2.446,76.44,1.98,61.87,0.522,,0.008,,,,2.316
rsv48,อ่างเก็บน้ำห้วยแม่สัน,2026-05-17,middle,2.543,72.14,2.183,61.93,1.025,,0.01,,,,2.503
rsv478,อ่างเก็บน้ำแม่พริก (ผาวิ่งชู้),2026-05-17,middle,21.797,59.75,25.135,68.9,0.15,,0.003,,0.028,,15.957
rsv479,อ่างเก็บน้ำแม่ฟ้า,2026-05-17,middle,14.193,71.25,12.915,64.83,1.633,,0.011,,0.039,,13.093
rsv523,อ่างเก็บน้ำแม่อ้อน 2,2026-05-17,middle,13.078,68.47,10.528,55.12,1.413,,0.004,,,,12.578
rsv532,อ่างเก็บน้ำ แม่อาง,2026-05-17,middle,2.479,79.4,,0.0,3.639,,0.002,,0.005,,2.38
rsv550,อ่างเก็บน้ำ แม่นึง,2026-05-17,middle,6.235,67.79,,,0.152,,0.002,,0.007,,5.572
rsv49,อ่างเก็บน้ำห้วยแฮต,2026-05-17,middle,4.797,95.94,4.582,91.64,1.256,,,,,,4.257
rsv50,อ่างเก็บน้ำน้ำแหง,2026-05-17,middle,7.972,61.32,8.879,68.3,6.653,,0.064,,0.032,,5.102
rsv51,อ่างเก็บน้ำน้ำพงษ์,2026-05-17,middle,0.606,40.67,0.489,32.82,0.453,,0.003,,,,0.236
rsv52,อ่างเก็บน้ำห้วยน้ำฮิ,2026-05-17,middle,3.816,63.6,3.231,53.85,0.447,,,,,,3.416
rsv533,อ่างเก็บน้ำ น้ำริม,2026-05-17,middle,2.21,55.39,2.736,68.57,1.073,,0.008,,0.004,,1.54
rsv534,อ่างเก็บน้ำ ห้วยชื่น,2026-05-17,middle,0.698,59.86,0.687,58.92,0.031,,,,,,0.651
rsv551,อ่างเก็บน้ำ ห้วยสีพัน,2026-05-17,middle,0.839,71.1,,,0.012,,0.002,,,,0.639
rsv552,อ่างเก็บน้ำ ห้วยยาง,2026-05-17,middle,1.004,50.45,,,0.051,,0.004,,,,0.604
rsv553,อ่างเก็บน้ำ น้ำแก่น,2026-05-17,middle,3.405,93.03,,,0.04,,,,,,2.965
rsv53,อ่างเก็บน้ำแม่ต๋ำ,2026-05-17,middle,22.308,53.75,22.936,55.27,0.0,,,,,,19.808
rsv54,อ่างเก็บน้ำแม่ปืม,2026-05-17,middle,20.863,41.46,15.854,31.51,0.685,,0.053,,,,19.213
rsv480,อ่างเก็บน้ำแม่ใจ,2026-05-17,middle,2.739,91.3,2.746,91.53,0.016,,0.002,,,,1.639
rsv522,อ่างเก็บน้ำแม่จุน,2026-05-17,middle,8.82,91.84,8.749,91.1,0.427,,,,,,8.82
rsv55,อ่างเก็บน้ำคลองตรอน,2026-05-17,middle,12.693,21.51,10.549,17.88,1.491,,,,0.042,,6.693
rsv450,อ่างเก็บน้ำห้วยแม่เฉย,2026-05-17,middle,1.503,37.57,1.89,47.25,0.006,,,,,,1.233
rsv518,อ่างเก็บน้ำห้วยน้ำรี,2026-05-17,middle,28.54,38.72,29.56,40.11,17.635,,0.123,,0.192,,23.51
rsv387,อ่างเก็บน้ำห้วยน้ำลาด,2026-05-17,middle,0.326,27.17,0.178,14.83,0.044,,0.008,,,,0.206
rsv388,อ่างเก็บน้ำห้วยใหญ่(ไพศาลี),2026-05-17,middle,8.839,74.47,6.183,52.09,0.612,,,,,,7.809
rsv485,อ่างเก็บน้ำคลองโพธิ์,2026-05-17,middle,28.91,33.59,25.081,29.14,0.13,,,,0.63,,22.91
rsv519,อ่างเก็บน้ำห้วยน้ำคับ,2026-05-17,middle,1.201,91.33,1.035,78.71,0.089,,,,,,0.955
rsv520,อ่างเก็บน้ำห้วยน้ำจวง,2026-05-17,middle,1.486,92.88,1.317,82.31,0.081,,,,,,1.376
rsv56,อ่างเก็บน้ำห้วยป่าบง,2026-05-17,middle,0.775,55.36,0.61,43.57,0.0,,,,0.013,,0.755
rsv57,อ่างเก็บน้ำคลองน้ำไหล,2026-05-17,middle,28.06,72.88,18.02,46.81,0.74,,0.04,,0.02,,27.31
rsv511,อ่างเก็บน้ำคลองไพร,2026-05-17,middle,9.88,68.81,8.67,60.38,0.737,,,,0.005,,9.849
rsv554,อ่างเก็บน้ำ คลองน้ำขาว,2026-05-17,middle,4.116,36.68,,,0.0,,,,,,3.938
rsv58,อ่างเก็บน้ำแม่มาน,2026-05-17,middle,14.88,79.36,12.568,67.03,7.524,,0.015,,,,10.63
rsv59,อ่างเก็บน้ำแม่สอง,2026-05-17,middle,44.82,68.12,28.36,43.1,8.814,,0.123,,0.223,,38.82
rsv60,อ่างเก็บน้ำแม่ถาง,2026-05-17,middle,18.5,60.42,14.08,45.98,2.164,,,,,,16.5
rsv61,อ่างเก็บน้ำแม่คำปอง,2026-05-17,middle,2.92,43.2,1.949,28.83,3.724,,,,,,2.67
rsv464,อ่างเก็บน้ำแม่สาย,2026-05-17,middle,8.893,84.7,5.575,53.1,11.92,,0.048,,0.135,,7.493
rsv62,อ่างเก็บน้ำคลองข้างใน,2026-05-17,middle,2.778,30.87,2.079,23.1,0.0,,,,,,2.438
rsv63,อ่างเก็บน้ำห้วยท่าแพ,2026-05-17,middle,31.755,54.75,17.506,30.18,4.082,,0.008,,0.008,,22.955
rsv64,อ่างเก็บน้ำห้วยแม่สูง,2026-05-17,middle,4.41,35.42,4.44,35.66,5.302,,,,,,3.37
rsv490,อ่างเก็บน้ำห้วยทรวง,2026-05-17,middle,6.15,76.88,6.82,85.25,0.337,,,,,,5.75
rsv494,อ่างเก็บน้ำแม่กองค่าย,2026-05-17,middle,7.13,54.85,6.53,50.23,0.747,,,,,,6.55
rsv536,อ่างเก็บน้ำ ห้วยไร่,2026-05-17,middle,4.446,60.65,,0.0,0.237,,,,,,4.306
rsv537,อ่างเก็บน้ำ ห้วยแม่สำ,2026-05-17,middle,4.164,84.46,2.433,49.35,0.713,,0.006,,0.02,,3.804
rsv65,อ่างเก็บน้ำห้วยแม่สอด,2026-05-17,middle,4.21,76.55,2.498,45.42,4.913,,0.029,,,,3.776
rsv66,อ่างเก็บน้ำห้วยลึก,2026-05-17,middle,1.97,33.97,2.089,36.02,0.077,,0.005,,0.001,,1.87
rsv486,อ่างเก็บน้ำห้วยแม่ท้อ,2026-05-17,middle,25.122,39.88,26.173,41.54,5.019,,0.07,,0.07,,21.622
rsv535,อ่างเก็บน้ำ แม่สอดตอนบน,2026-05-17,middle,6.593,49.86,6.97,52.72,1.716,,0.004,,0.041,,6.083
rsv71,อ่างเก็บน้ำห้วยน้ำสวย,2026-05-17,middle,2.106,63.82,1.352,40.97,11.471,,0.007,,0.01,,1.161
rsv72,อ่างเก็บน้ำห้วยยาง,2026-05-17,middle,2.508,67.55,2.139,57.61,2.124,,0.009,,0.03,,1.788
rsv73,อ่างเก็บน้ำห้วยลิ้นควาย,2026-05-17,middle,16.754,57.77,15.566,53.68,5.591,,0.013,,,,14.754
rsv74,อ่างเก็บน้ำห้วยอีเลิศ,2026-05-17,middle,0.286,17.33,0.545,33.03,0.562,,,,,,0.206
rsv75,อ่างเก็บน้ำห้วยน้ำพาว,2026-05-17,middle,0.647,47.43,0.288,21.11,0.148,,0.002,,,,0.617
rsv76,อ่างเก็บน้ำห้วยน้ำหมาน,2026-05-17,middle,17.127,64.63,17.888,67.5,2.409,,0.01,,,,15.657
rsv77,อ่างเก็บน้ำห้วยแห้ว,2026-05-17,middle,1.1,40.29,0.886,32.45,0.156,,0.002,,,,0.912
rsv502,อ่างเก็บน้ำน้ำเลย,2026-05-17,middle,19.494,54.44,13.385,37.38,9.796,,0.091,,0.194,,13.636
rsv505,อ่างเก็บน้ำ ห้วยศอก,2026-05-17,middle,6.685,67.02,6.352,63.68,6.042,,0.064,,0.091,,6.583
rsv521,อ่างเก็บน้ำห้วยน้ำทบ,2026-05-17,middle,4.064,51.39,2.883,36.46,8.96,,0.026,,0.04,,3.704
rsv83,อ่างเก็บน้ำห้วยบังพวน,2026-05-17,middle,1.098,12.74,0.79,9.16,6.9,,,,,,0.698
rsv84,อ่างเก็บน้ำห้วยทอน (ตอนบน),2026-05-17,middle,5.329,68.23,5.468,70.01,0.577,,,,,,4.689
rsv85,อ่างเก็บน้ำห้วยเปลวเงือก,2026-05-17,middle,1.25,45.45,0.955,34.73,3.706,,0.017,,,,1.13
rsv88,อ่างเก็บน้ำห้วยหินแก้ว,2026-05-17,middle,3.173,79.33,3.313,82.83,4.025,,,,,,2.873
rsv512,อ่างเก็บน้ำห้วยไฮ,2026-05-17,middle,3.086,75.27,2.031,49.54,1.163,,,,,,2.886
rsv86,อ่างเก็บน้ำห้วยซำ,2026-05-17,middle,1.34,55.83,0.737,30.71,0.0,,,,0.002,,0.47
rsv87,อ่างเก็บน้ำห้วยสหาย,2026-05-17,middle,0.314,16.02,0.201,10.26,0.0,,,,,,0.177
rsv91,อ่างเก็บน้ำภูเพ็ก,2026-05-17,middle,1.284,47.56,1.743,64.56,0.182,,0.006,,,,1.109
rsv92,อ่างเก็บน้ำห้วยเดียก,2026-05-17,middle,2.866,71.65,2.851,71.28,1.593,,,,,,2.626
rsv93,อ่างเก็บน้ำห้วยโท-ห้วยยาง,2026-05-17,middle,5.505,71.03,3.49,45.03,2.705,,0.267,,0.036,,4.805
rsv94,อ่างเก็บน้ำห้วยหวด,2026-05-17,middle,13.736,65.41,12.444,59.26,2.855,,0.032,,,,12.446
rsv95,อ่างเก็บน้ำห้วยโป่ง,2026-05-17,middle,1.031,63.25,1.099,67.42,0.005,,,,,,0.651
rsv96,อ่างเก็บน้ำห้วยกระเฌอ,2026-05-17,middle,7.045,78.36,7.887,87.73,0.011,,0.011,,,,6.345
rsv97,อ่างเก็บน้ำห้วยโทง,2026-05-17,middle,3.376,44.42,2.98,39.21,0.533,,,,,,3.336
rsv98,อ่างเก็บน้ำห้วยทรายสว่าง,2026-05-17,middle,0.212,19.27,0.152,13.82,0.319,,0.005,,,,0.09
rsv100,อ่างเก็บน้ำห้วยก้านเหลือง,2026-05-17,middle,3.278,55.56,3.323,56.32,4.961,,,,,,2.758
rsv101,อ่างเก็บน้ำห้วยขี้หิน,2026-05-17,middle,3.106,77.65,2.335,58.38,0.0,,,,,,2.556
rsv103,อ่างเก็บน้ำห้วยคำ,2026-05-17,middle,2.394,36.83,1.623,24.97,0.891,,,,,,1.994
rsv104,อ่างเก็บน้ำห้วยซวง,2026-05-17,middle,1.332,22.2,1.342,22.37,1.196,,,,,,0.932
rsv105,อ่างเก็บน้ำห้วยรังแร้ง,2026-05-17,middle,0.963,43.77,0.518,23.55,0.531,,,,,,0.763
rsv106,อ่างเก็บน้ำห้วยหินแตก,2026-05-17,middle,1.01,67.33,0.866,57.73,0.0,,,,,,0.86
rsv107,อ่างเก็บน้ำห้วยน้ำบ่อ,2026-05-17,middle,1.387,62.79,1.51,68.36,0.0,,,,,,1.237
rsv108,อ่างเก็บน้ำห้วยแข้,2026-05-17,middle,2.419,63.66,2.928,77.05,0.006,,0.006,,,,2.194
rsv109,อ่างเก็บน้ำห้วยนาอ่าง,2026-05-17,middle,1.1,60.44,0.703,38.63,0.0,,,,,,0.939
rsv110,อ่างเก็บน้ำห้วยซับคำโรงสี,2026-05-17,middle,1.041,52.05,0.671,33.55,0.29,,,,,,0.541
rsv111,อ่างเก็บน้ำบ้านดงมะไฟ,2026-05-17,middle,0.506,50.6,0.427,42.7,0.296,,,,,,0.406
rsv112,อ่างเก็บน้ำห้วยทราย,2026-05-17,middle,0.742,49.47,0.171,11.4,0.959,,0.009,,0.043,,0.739
rsv113,อ่างเก็บน้ำห้วยทรายขมิ้น,2026-05-17,middle,1.455,45.75,1.1,34.59,0.0,,,,,,1.213
rsv114,อ่างเก็บน้ำห้วยคำบากน้อย,2026-05-17,middle,2.364,59.1,2.009,50.22,3.042,,,,,,1.869
rsv117,อ่างเก็บน้ำห้วยหินชะแนนใหญ่,2026-05-17,middle,9.865,78.92,0.792,6.34,0.035,,0.035,,,,9.695
rsv118,อ่างเก็บน้ำห้วยคำผักหนาม,2026-05-17,middle,1.63,56.01,1.148,39.45,0.263,,,,,,1.19
rsv128,อ่างเก็บน้ำโคกภูใหม่ 2,2026-05-17,middle,0.791,79.1,0.846,84.6,0.003,,0.003,,,,0.671
rsv131,อ่างเก็บน้ำห้วยเคลิ้ม,2026-05-17,middle,1.06,70.67,1.165,77.67,0.0,,,,,,0.95
rsv132,อ่างเก็บน้ำห้วยเรือ,2026-05-17,middle,2.028,69.93,1.629,56.17,0.0,,,,,,1.878
rsv133,อ่างเก็บน้ำห้วยอ่าง,2026-05-17,middle,0.795,53.0,0.875,58.33,0.0,,,,,,0.675
rsv134,อ่างเก็บน้ำห้วยทรายตอนบน 1,2026-05-17,middle,1.579,75.19,1.746,83.14,0.0,,,,,,1.309
rsv135,อ่างเก็บน้ำห้วยทราย,2026-05-17,middle,1.855,81.08,1.717,75.04,0.0,,,,0.035,,1.605
rsv136,อ่างเก็บน้ำห้วยสามพาด,2026-05-17,middle,3.196,17.28,3.493,18.88,1.033,,0.009,,,,2.311
rsv137,อ่างเก็บน้ำบ้านจั่น,2026-05-17,middle,2.13,48.97,2.43,55.86,0.768,,,,,,2.13
rsv138,อ่างเก็บน้ำกุดลิงง้อ,2026-05-17,middle,3.49,54.19,2.103,32.66,0.963,,,,,,3.265
rsv139,อ่างเก็บน้ำหนองสำโรง,2026-05-17,middle,8.969,78.68,6.669,58.5,1.698,,0.022,,,,0.763
rsv140,อ่างเก็บน้ำหนองปะโค,2026-05-17,middle,1.748,56.81,1.932,62.79,0.609,,0.038,,,,0.748
rsv465,อ่างเก็บน้ำลำพันชาด,2026-05-17,middle,36.728,68.65,34.663,64.79,2.759,,0.196,,,,30.846
rsv466,อ่างเก็บน้ำลำพันชาดน้อย,2026-05-17,middle,1.828,96.21,1.322,69.58,0.121,,,,,,1.688
rsv513,อ่างเก็บน้ำห้วยตะคลองใหญ่,2026-05-17,middle,4.936,58.76,4.949,58.92,2.035,,0.031,,,,4.636
rsv514,อ่างเก็บน้ำห้วยน้ำม้า,2026-05-17,middle,2.913,53.94,2.733,50.61,8.304,,0.039,,,,2.633
rsv149,อ่างเก็บน้ำห้วยเหล่ายาง,2026-05-17,middle,1.509,61.12,1.406,56.95,0.203,,,,0.006,,1.389
rsv501,อ่างเก็บน้ำห้วยน้ำบอง,2026-05-17,middle,11.411,54.86,12.53,60.24,2.456,,0.017,,,,9.231
rsv150,อ่างเก็บน้ำห้วยส้มป่อย,2026-05-17,middle,3.787,49.53,2.435,31.85,0.238,,,,,,3.187
rsv151,อ่างเก็บน้ำลำช่อระกา,2026-05-17,middle,5.36,51.98,6.025,58.43,0.979,,,,,,4.327
rsv152,อ่างเก็บน้ำน้ำพรม,2026-05-17,middle,,0.0,3.217,89.86,66.477,,,,,,
rsv153,อ่างเก็บน้ำลำคันฉู,2026-05-17,middle,29.258,68.68,25.761,60.47,2.519,,,,0.075,,25.958
rsv154,อ่างเก็บน้ำบ้านเพชร,2026-05-17,middle,8.545,43.43,7.8,39.64,1.367,,,,,,5.545
rsv155,อ่างเก็บน้ำห้วยทราย,2026-05-17,middle,7.7,74.76,8.2,79.61,0.59,,,,,,6.2
rsv539,อ่างเก็บน้ำ โปร่งขุนเพชร,2026-05-17,middle,19.572,44.79,7.3,16.7,9.068,,0.02,,0.05,,18.532
rsv544,อ่างเก็บน้ำ บึงระเหว,2026-05-17,middle,7.39,95.97,,,0.0,,,,,,6.89
rsv545,อ่างเก็บน้ำ บึงละหาน,2026-05-17,middle,2.85,11.4,,,0.36,,,,,,
rsv548,อ่างเก็บน้ำ พระอาจารย์จื่อ (ลำกระจวน),2026-05-17,middle,3.095,9.25,,,0.102,,,,,,2.665
rsv159,อ่างเก็บน้ำห้วยแกง,2026-05-17,middle,1.573,6.74,1.819,7.8,1.458,,,,,,0.923
rsv160,อ่างเก็บน้ำห้วยสะทด,2026-05-17,middle,4.42,37.91,0.695,5.96,3.1,,,,,,3.92
rsv161,อ่างเก็บน้ำบึงอร่าม,2026-05-17,middle,2.512,69.78,1.334,37.06,2.867,,,,,,2.227
rsv162,อ่างเก็บน้ำหนองหญ้าม้า,2026-05-17,middle,0.863,33.74,0.428,16.73,0.447,,0.016,,,,0.563
rsv163,อ่างเก็บน้ำห้วยวังลิ้นฟ้า,2026-05-17,middle,0.852,25.43,0.852,25.43,0.389,,,,,,0.682
rsv164,อ่างเก็บน้ำห้วยสังเคียบ,2026-05-17,middle,1.36,18.13,1.09,14.53,1.725,,0.038,,,,0.831
rsv165,อ่างเก็บน้ำลำพะยัง (ตอนบน),2026-05-17,middle,1.663,40.2,0.813,19.65,0.743,,,,,,1.513
rsv166,อ่างเก็บน้ำห้วยสีทน,2026-05-17,middle,2.566,72.28,1.421,40.03,3.633,,0.078,,0.042,,2.476
rsv167,อ่างเก็บน้ำห้วยโพธิ์,2026-05-17,middle,2.148,87.89,1.299,53.15,9.969,,0.102,,0.088,,1.918
rsv168,อ่างเก็บน้ำห้วยมะโน,2026-05-17,middle,2.259,38.85,1.368,23.53,1.743,,,,,,1.659
rsv169,อ่างเก็บน้ำห้วยผึ้ง,2026-05-17,middle,1.196,28.82,0.333,8.02,0.849,,0.008,,,,0.956
rsv170,อ่างเก็บน้ำห้วยฝา,2026-05-17,middle,3.833,59.69,1.018,15.85,1.252,,0.065,,,,3.133
rsv171,อ่างเก็บน้ำห้วยจุมจัง,2026-05-17,middle,1.724,23.36,1.235,16.73,0.413,,,,,,1.057
rsv540,อ่างเก็บน้ำ ห้วยสมอทบ,2026-05-17,middle,1.505,72.88,1.21,58.6,0.0,,,,,,1.205
rsv177,อ่างเก็บน้ำแก่งละว้า,2026-05-17,middle,31.0,67.71,12.568,27.45,0.0,,,,,,29.7
rsv178,อ่างเก็บน้ำห้วยยาง,2026-05-17,middle,1.043,34.55,1.059,35.08,0.0,,,,,,0.513
rsv179,อ่างเก็บน้ำหนองนาวัว,2026-05-17,middle,0.898,64.56,0.502,36.09,0.0,,,,,,0.691
rsv180,อ่างเก็บน้ำห้วยทราย,2026-05-17,middle,1.948,82.72,1.031,43.78,0.0,,,,,,1.718
rsv181,อ่างเก็บน้ำหนองกรองแก้ว,2026-05-17,middle,7.147,52.59,4.954,36.46,0.0,,,,,,2.837
rsv182,อ่างเก็บน้ำห้วยใหญ่,2026-05-17,middle,0.508,36.29,0.47,33.57,0.099,,,,,,0.138
rsv183,อ่างเก็บน้ำละเลิงหวาย,2026-05-17,middle,1.033,27.64,1.335,35.72,0.433,,,,0.01,,1.003
rsv184,อ่างเก็บน้ำห้วยเตย,2026-05-17,middle,1.666,31.22,1.606,30.09,0.036,,,,,,1.636
rsv185,อ่างเก็บน้ำห้วยลอมไผ่,2026-05-17,middle,3.9,69.64,3.345,59.73,0.0,,,,,,3.64
rsv188,อ่างเก็บน้ำโสกรวก,2026-05-17,middle,0.263,26.3,0.559,55.9,0.0,,,,,,0.086
rsv546,อ่างเก็บน้ำ บึงละหานนา,2026-05-17,middle,13.102,77.84,,,0.0,,,,,,12.168
rsv190,อ่างเก็บน้ำแก่งเลิงจาน,2026-05-17,middle,3.331,41.51,2.735,34.09,0.356,,0.007,,0.007,,1.056
rsv191,อ่างเก็บน้ำห้วยขอนสัก,2026-05-17,middle,6.423,74.18,4.005,46.25,3.612,,0.006,,0.006,,5.343
rsv192,อ่างเก็บน้ำหนองเทวราช,2026-05-17,middle,0.847,52.74,0.825,51.37,0.254,,,,0.006,,0.569
rsv193,อ่างเก็บน้ำหนองบัว,2026-05-17,middle,1.285,35.89,0.868,24.25,0.846,,0.007,,0.007,,0.793
rsv194,อ่างเก็บน้ำร่องหัวช้าง,2026-05-17,middle,0.359,27.83,0.465,36.05,0.392,,0.002,,0.002,,
rsv195,อ่างเก็บน้ำห้วยประดู่,2026-05-17,middle,0.498,17.76,0.891,31.78,0.715,,0.003,,0.003,,0.458
rsv196,อ่างเก็บน้ำห้วยคะคาง,2026-05-17,middle,1.016,24.62,0.676,16.38,0.579,,0.004,,0.004,,0.682
rsv197,อ่างเก็บน้ำหนองกระทุ่ม,2026-05-17,middle,0.267,10.13,0.284,10.77,0.346,,0.002,,0.002,,0.192
rsv198,อ่างเก็บน้ำหนองแกดำ,2026-05-17,middle,0.909,55.94,0.837,51.51,0.306,,,,0.008,,0.789
rsv199,อ่างเก็บน้ำห้วยค้อ,2026-05-17,middle,15.311,48.86,6.459,20.61,2.548,,,,0.054,,12.118
rsv201,อ่างฯ อ่างเก็บน้ำหนองบ่อ,2026-05-17,middle,1.196,33.37,0.901,25.14,0.086,,,,0.009,,1.005
rsv202,อ่างเก็บน้ำห้วยเชียงคำ,2026-05-17,middle,0.377,7.44,1.043,20.59,0.239,,0.002,,0.002,,
rsv203,อ่างเก็บน้ำห้วยจอกขวาง,2026-05-17,middle,1.624,53.42,1.782,58.62,0.304,,,,0.007,,1.485
rsv204,อ่างเก็บน้ำหนองไฮ,2026-05-17,middle,1.225,54.59,0.819,36.5,0.518,,0.005,,0.005,,1.058
rsv207,อ่างเก็บน้ำห้วยแอ่ง,2026-05-17,middle,7.406,33.21,3.552,15.93,0.558,,,,,,7.006
rsv208,อ่างเก็บน้ำหนองหญ้าม้า,2026-05-17,middle,1.027,48.51,0.046,2.17,0.081,,,,,,0.936
rsv209,อ่างเก็บน้ำธวัชชัย,2026-05-17,middle,0.913,18.23,0.466,9.31,0.067,,,,,,0.803
rsv210,อ่างเก็บน้ำห้วยแล้ง,2026-05-17,middle,0.879,19.91,0.075,1.7,0.01,,,,,,0.694
rsv211,อ่างเก็บน้ำห้วยวังนอง,2026-05-17,middle,5.577,48.53,5.841,50.83,0.334,,,,,,5.263
rsv212,อ่างเก็บน้ำห้วยกุดแคน,2026-05-17,middle,0.85,42.59,0.595,29.81,0.061,,0.009,,,,0.627
rsv213,อ่างเก็บน้ำห้วยกุดแดง,2026-05-17,middle,1.036,36.92,0.869,30.97,0.16,,,,,,0.768
rsv214,อ่างเก็บน้ำห้วยจานใต้,2026-05-17,middle,3.049,52.61,0.132,2.28,0.284,,,,,,2.489
rsv215,อ่างเก็บน้ำหนองผือ,2026-05-17,middle,1.138,27.24,1.409,33.72,0.082,,,,,,
rsv217,อ่างเก็บน้ำห้วยพุงใหญ่,2026-05-17,middle,4.554,58.38,2.658,34.08,0.032,,,,,,4.104
rsv218,อ่างเก็บน้ำห้วยหินชะแนน,2026-05-17,middle,0.815,33.96,0.52,21.67,0.089,,,,,,0.69
rsv219,อ่างเก็บน้ำห้วยผักดอก,2026-05-17,middle,1.764,63.0,2.069,73.89,0.0,,,,,,1.464
rsv220,อ่างเก็บน้ำห้วยก้านเหลือง,2026-05-17,middle,4.592,61.99,5.184,69.98,0.0,,,,,,3.872
rsv221,อ่างเก็บน้ำห้วยศรีคุณ,2026-05-17,middle,0.873,37.76,0.888,38.41,0.0,,,,,,0.85
rsv222,อ่างเก็บน้ำบ้านดงน้อย,2026-05-17,middle,3.1,59.62,2.99,57.5,0.0,,,,,,2.85
rsv223,อ่างเก็บน้ำห้วยแคน,2026-05-17,middle,2.85,25.88,2.485,22.56,1.036,,,,,,2.3
rsv224,อ่างเก็บน้ำห้วยส้มโฮง,2026-05-17,middle,0.4,12.82,0.248,7.95,0.04,,,,,,0.38
rsv225,อ่างเก็บน้ำบุ่งหมากโมง,2026-05-17,middle,1.16,52.97,0.664,30.32,0.005,,,,,,0.74
rsv226,อ่างเก็บน้ำห้วยนางออ,2026-05-17,middle,2.52,76.36,2.74,83.03,0.0,,,,,,2.07
rsv227,อ่างเก็บน้ำห้วยกกคูณ,2026-05-17,middle,1.061,53.05,1.12,56.0,0.0,,,,,,0.981
rsv228,อ่างเก็บน้ำห้วยกะเบา,2026-05-17,middle,3.24,63.53,3.331,65.31,0.0,,,,,,2.84
rsv229,อ่างเก็บน้ำห้วยวังม่วง,2026-05-17,middle,0.88,58.67,0.913,60.87,0.0,,,,,,0.85
rsv515,อ่างเก็บน้ำห้วยอ้วน,2026-05-17,middle,2.367,45.34,2.789,53.43,0.0,,,,0.022,,0.267
rsv235,อ่างเก็บน้ำห้วยขี้เหล็ก,2026-05-17,middle,18.088,67.62,25.37,94.84,0.0,,,,0.082,,16.088
rsv236,อ่างเก็บน้ำห้วยชะโนด,2026-05-17,middle,8.8,47.83,16.82,91.41,7.2,,,,0.097,,8.15
rsv237,อ่างเก็บน้ำห้วยมุก,2026-05-17,middle,2.67,54.49,2.714,55.39,0.0,,,,0.034,,2.47
rsv238,อ่างเก็บน้ำห้วยหินลับ,2026-05-17,middle,2.815,70.38,3.785,94.63,3.63,,,,0.076,,2.215
rsv239,อ่างเก็บน้ำห้วยไร่,2026-05-17,middle,2.16,77.14,2.648,94.57,7.26,,,,0.059,,2.05
rsv240,อ่างเก็บน้ำห้วยไผ่,2026-05-17,middle,3.173,24.79,6.88,53.75,0.0,,,,0.078,,2.373
rsv241,อ่างเก็บน้ำห้วยพุ (ห้วยแข้),2026-05-17,middle,1.619,35.98,3.115,69.22,0.0,,,,0.086,,0.919
rsv242,อ่างเก็บน้ำห้วยพุง,2026-05-17,middle,2.016,50.4,2.184,54.6,0.0,,,,0.023,,1.166
rsv243,อ่างเก็บน้ำห้วยทา,2026-05-17,middle,1.16,52.02,1.87,83.86,7.26,,,,0.032,,0.63
rsv244,อ่างเก็บน้ำห้วยหอย,2026-05-17,middle,0.691,34.55,1.512,75.6,3.63,,,,0.026,,0.391
rsv245,อ่างเก็บน้ำห้วยขี้เหล็ก (ตอนบน),2026-05-17,middle,0.685,57.08,1.04,86.67,0.0,,,,,,0.535
rsv247,อ่างเก็บน้ำห้วยไร่ 2,2026-05-17,middle,1.104,41.19,2.061,76.9,2.42,,,,0.026,,0.804
rsv455,อ่างเก็บน้ำห้วยแคน,2026-05-17,middle,1.408,67.05,1.608,76.57,0.0,,,,,,1.318
rsv456,อ่างเก็บน้ำห้วยหมากไฟ,2026-05-17,middle,0.62,41.33,1.376,91.73,12.1,,,,0.022,,0.32
rsv458,อ่างเก็บน้ำห้วยขาหน้า,2026-05-17,middle,1.458,85.76,1.604,94.35,0.0,,,,0.034,,1.088
rsv460,อ่างเก็บน้ำห้วยถ้ำไม้ดู่,2026-05-17,middle,1.03,60.59,1.39,81.76,2.42,,,,0.034,,0.79
rsv468,อ่างเก็บน้ำห้วยหินลาด,2026-05-17,middle,0.85,62.96,1.289,95.48,2.42,,,,0.026,,0.45
rsv504,อ่างเก็บน้ำห้วยคันแทใหญ่,2026-05-17,middle,3.6,77.92,4.298,93.03,0.0,,,,0.034,,3.6
rsv248,อ่างเก็บน้ำห้วยถ้ำแข้,2026-05-17,middle,5.377,39.25,5.551,40.52,0.614,,,,,,4.527
rsv249,อ่างเก็บน้ำห้วยพลาญเสือ (ตอนล่าง),2026-05-17,middle,16.48,49.19,11.47,34.24,1.16,,,,,,15.36
rsv250,อ่างเก็บน้ำห้วยจันลา,2026-05-17,middle,11.27,66.69,11.19,66.21,0.404,,,,,,10.67
rsv251,อ่างเก็บน้ำห้วยวังใหญ่,2026-05-17,middle,3.88,48.5,3.51,43.88,0.171,,,,,,3.08
rsv252,อ่างเก็บน้ำห้วยเดือนห้า,2026-05-17,middle,8.64,72.0,9.65,80.42,0.463,,0.002,,,,6.794
rsv253,อ่างเก็บน้ำห้วยสะพงน้อย,2026-05-17,middle,12.3,83.67,12.64,85.99,14.293,,0.087,,0.111,,10.7
rsv254,อ่างเก็บน้ำสระสมิง,2026-05-17,middle,0.536,53.02,0.359,35.51,0.163,,0.002,,,,0.236
rsv255,อ่างเก็บน้ำหนองเหล่าหิน,2026-05-17,middle,0.508,20.48,1.051,42.38,0.122,,0.001,,,,0.146
rsv256,อ่างเก็บน้ำหนองช้างใหญ่,2026-05-17,middle,1.87,24.36,1.912,24.91,7.271,,0.055,,0.016,,1.829
rsv258,อ่างเก็บน้ำห้วยโดน,2026-05-17,middle,3.2,68.09,3.77,80.21,1.226,,0.031,,0.068,,2.65
rsv451,อ่างเก็บน้ำห้วยละมืด,2026-05-17,middle,4.9,73.13,5.21,77.76,0.374,,,,0.049,,4.8
rsv452,อ่างเก็บน้ำห้วยหินกอง,2026-05-17,middle,1.7,21.25,1.78,22.25,22.17,,0.167,,0.191,,
rsv524,อ่างเก็บน้ำห้วยพลาญเสือ (ตอนบน),2026-05-17,middle,,0.0,,0.0,0.0,,,,,,
rsv259,อ่างเก็บน้ำห้วยลิงโจน,2026-05-17,middle,11.888,56.48,9.005,42.78,0.134,,,,,,11.488
rsv260,อ่างเก็บน้ำห้วยสะแบก,2026-05-17,middle,17.388,57.39,13.951,46.04,0.05,,,,,,16.788
rsv453,อ่างเก็บน้ำห้วยโพง (ตอนบน),2026-05-17,middle,6.605,53.27,5.41,43.63,0.032,,,,0.032,,5.605
rsv261,อ่างเก็บน้ำพุทธอุทธยาน,2026-05-17,middle,8.196,42.41,4.044,20.93,1.192,,,,,,7.305
rsv262,อ่างเก็บน้ำห้วยโพธิ์ (ตอนบน),2026-05-17,middle,3.52,47.32,1.492,20.06,0.83,,,,,,2.976
rsv263,อ่างเก็บน้ำห้วยสีโท,2026-05-17,middle,5.668,53.47,2.567,24.22,0.827,,,,,,5.268
rsv265,อ่างเก็บน้ำลำตะโคง,2026-05-17,middle,1.312,17.42,1.057,14.04,4.021,,0.014,,0.001,,1.004
rsv266,อ่างเก็บน้ำห้วยยาง,2026-05-17,middle,6.82,49.42,7.8,56.52,4.36,,0.033,,0.002,,5.37
rsv267,อ่างเก็บน้ำห้วยตาเขียว,2026-05-17,middle,0.915,48.16,0.506,26.63,0.307,,,,0.004,,0.625
rsv268,อ่างเก็บน้ำห้วยสวาย,2026-05-17,middle,3.65,26.92,0.843,6.22,2.391,,0.18,,0.003,,2.68
rsv269,อ่างเก็บน้ำห้วยตลาด,2026-05-17,middle,20.735,67.21,6.964,22.57,4.276,,0.089,,0.03,,17.805
rsv270,อ่างเก็บน้ำห้วยจระเข้มาก,2026-05-17,middle,15.948,61.29,6.361,24.44,3.625,,0.059,,0.009,,14.338
rsv271,อ่างเก็บน้ำห้วยเมฆา,2026-05-17,middle,1.194,29.34,0.079,1.94,0.087,,,,,,1.094
rsv272,อ่างเก็บน้ำคลองมะนาว,2026-05-17,middle,1.997,70.12,1.174,41.22,0.267,,0.009,,,,1.553
rsv273,อ่างเก็บน้ำหนองทะลอก,2026-05-17,middle,1.589,34.21,1.094,23.55,0.75,,,,0.003,,1.489
rsv274,อ่างเก็บน้ำห้วยขี้หนู,2026-05-17,middle,0.667,41.95,0.556,34.97,0.097,,,,0.002,,0.637
rsv275,อ่างเก็บน้ำห้วยน้อย,2026-05-17,middle,0.747,62.25,0.212,17.67,0.06,,,,0.001,,0.547
rsv276,อ่างเก็บน้ำห้วยใหญ่,2026-05-17,middle,0.625,48.08,0.026,2.0,0.157,,0.001,,0.001,,0.485
rsv277,อ่างเก็บน้ำลำปะเทีย,2026-05-17,middle,21.002,82.69,6.86,27.01,2.816,,0.022,,0.001,,19.802
rsv278,อ่างเก็บน้ำลำจังหัน,2026-05-17,middle,23.964,66.57,7.7,21.39,2.512,,0.02,,,,22.164
rsv279,อ่างเก็บน้ำห้วยตะโก,2026-05-17,middle,2.343,72.09,1.545,47.54,0.36,,0.01,,,,1.943
rsv281,อ่างเก็บน้ำลำปลายมาศ,2026-05-17,middle,42.859,43.73,30.12,30.73,5.708,,0.159,,0.001,,33.559
rsv288,อ่างเก็บน้ำลำสำลาย,2026-05-17,middle,12.82,30.52,14.376,34.23,1.823,,0.017,,,,10.82
rsv296,อ่างเก็บน้ำห้วยเตย,2026-05-17,middle,1.2,27.3,1.413,32.14,0.639,,0.002,,,,1.06
rsv298,อ่างเก็บน้ำลำเชียงสา,2026-05-17,middle,5.12,68.27,5.204,69.39,0.662,,0.002,,,,3.72
rsv489,อ่างเก็บน้ำสันกำแพง,2026-05-17,middle,4.924,76.94,5.986,93.53,1.104,,0.006,,,,4.164
rsv302,อ่างเก็บน้ำห้วยขนุน,2026-05-17,middle,6.455,64.4,7.477,74.6,8.538,,0.01,,,,5.828
rsv303,อ่างเก็บน้ำห้วยโอตาลัต,2026-05-17,middle,2.08,54.74,2.37,62.37,7.166,,0.003,,,,1.63
rsv304,อ่างเก็บน้ำห้วยด่านไอ,2026-05-17,middle,3.753,46.75,5.821,72.52,8.613,,0.096,,0.091,,3.153
rsv305,อ่างเก็บน้ำห้วยตาจู,2026-05-17,middle,6.11,27.43,4.688,21.04,5.792,,0.004,,0.011,,4.31
rsv306,อ่างเก็บน้ำห้วยสำราญ,2026-05-17,middle,4.546,36.81,3.964,32.1,10.196,,0.007,,,,3.246
rsv307,อ่างเก็บน้ำห้วยศาลา,2026-05-17,middle,8.634,23.29,9.166,24.73,4.415,,0.015,,,,5.834
rsv308,อ่างเก็บน้ำห้วยติ๊กชู,2026-05-17,middle,7.221,27.56,6.46,24.66,14.562,,0.01,,,,3.825
rsv309,อ่างเก็บน้ำห้วยน้ำคำ,2026-05-17,middle,1.997,81.58,2.113,86.32,0.211,,0.006,,,,1.886
rsv310,อ่างเก็บน้ำห้วยคล้า,2026-05-17,middle,2.23,58.93,2.074,54.81,0.278,,0.004,,,,1.524
rsv311,อ่างเก็บน้ำห้วยน้ำเค็ม,2026-05-17,middle,0.791,73.93,0.277,25.89,1.521,,0.003,,,,0.549
rsv312,อ่างเก็บน้ำห้วยซัน,2026-05-17,middle,0.747,27.61,0.916,33.85,0.315,,0.01,,,,0.073
rsv313,อ่างเก็บน้ำห้วยตามาย,2026-05-17,middle,8.643,23.18,11.698,31.37,11.361,,0.028,,,,7.916
rsv314,อ่างเก็บน้ำหนองสิ,2026-05-17,middle,0.308,7.4,0.399,9.59,0.215,,0.002,,,,
rsv316,อ่างเก็บน้ำห้วยทา,2026-05-17,middle,15.483,52.34,13.934,47.1,15.064,,0.021,,0.025,,13.083
rsv317,อ่างเก็บน้ำห้วยตะแบง,2026-05-17,middle,3.128,45.47,4.4,63.95,7.669,,,,,,2.828
rsv318,อ่างเก็บน้ำห้วยแก้ว,2026-05-17,middle,1.872,38.06,0.8,16.26,0.695,,,,0.005,,1.432
rsv319,อ่างเก็บน้ำห้วยเชิง,2026-05-17,middle,5.238,65.48,4.135,51.69,0.661,,,,,,4.798
rsv320,อ่างเก็บน้ำห้วยขนาดมอญ,2026-05-17,middle,7.715,49.77,5.5,35.48,0.245,,,,,,7.065
rsv321,อ่างเก็บน้ำอำปึล,2026-05-17,middle,8.52,30.78,7.116,25.71,0.109,,,,0.087,,7.09
rsv322,อ่างเก็บน้ำห้วยเสนง,2026-05-17,middle,8.47,38.57,10.466,47.66,9.379,,0.08,,0.04,,7.65
rsv323,อ่างเก็บน้ำลำพอก,2026-05-17,middle,2.54,17.42,2.191,15.03,1.24,,,,0.005,,1.89
rsv324,อ่างเก็บน้ำห้วยด่าน,2026-05-17,middle,6.88,73.19,2.412,25.66,0.491,,,,,,5.74
rsv325,อ่างเก็บน้ำบ้านทำนบ,2026-05-17,middle,4.626,38.55,3.928,32.73,0.418,,,,0.002,,4.426
rsv326,อ่างเก็บน้ำบ้านจรัส,2026-05-17,middle,7.34,48.93,7.39,49.27,0.707,,,,,,6.84
rsv328,อ่างเก็บน้ำห้วยตาเกาว์,2026-05-17,middle,3.324,38.65,1.336,15.53,0.687,,,,0.001,,3.265
rsv329,อ่างเก็บน้ำสุวรรณภา,2026-05-17,middle,0.77,49.04,0.347,22.1,0.042,,,,0.002,,0.75
rsv330,อ่างเก็บน้ำห้วยกะเลงเวก,2026-05-17,middle,1.935,56.91,1.605,47.21,0.051,,,,0.005,,1.535
rsv331,อ่างเก็บน้ำห้วยระหาร,2026-05-17,middle,0.445,43.97,0.31,30.63,0.063,,,,,,0.415
rsv290,อ่างเก็บน้ำห้วยบ้านยาง,2026-05-17,middle,3.746,57.46,1.92,29.45,0.32,,,,0.005,,3.226
rsv286,อ่างเก็บน้ำห้วยยาง,2026-05-17,middle,2.948,53.31,1.85,33.45,0.64,,0.018,,0.026,,2.648
rsv299,อ่างเก็บน้ำห้วยบะอีแตน,2026-05-17,middle,1.465,81.39,1.325,73.61,0.482,,0.002,,0.004,,1.163
rsv289,อ่างเก็บน้ำห้วยซับประดู่,2026-05-17,middle,9.8,35.43,7.963,28.78,1.437,,,,,,8.399
rsv549,อ่างเก็บน้ำ บ้านซับกระจาย,2026-05-17,middle,3.201,75.14,2.176,51.08,0.435,,0.005,,,,3.171
rsv530,อ่างเก็บน้ำทับรั้ง,2026-05-17,middle,3.178,77.51,3.61,88.05,1.833,,0.005,,,,2.841
rsv295,อ่างเก็บน้ำห้วยปราสาทใหญ่,2026-05-17,middle,4.309,49.53,4.685,53.85,0.448,,,,,,3.455
rsv300,อ่างเก็บน้ำลำเชียงไกรตอนบน,2026-05-17,middle,5.495,65.42,7.238,86.17,1.94,,0.016,,,,4.545
rsv292,อ่างเก็บน้ำลำเชียงไกรตอนล่าง,2026-05-17,middle,18.946,68.4,17.572,63.44,7.607,,0.036,,,,17.796
rsv293,อ่างเก็บน้ำหนองกก,2026-05-17,middle,1.006,33.91,1.042,35.12,1.11,,0.01,,,,0.826
rsv297,อ่างเก็บน้ำห้วยตะคร้อ,2026-05-17,middle,4.429,46.62,7.279,76.62,0.615,,,,,,3.799
rsv294,อ่างเก็บน้ำห้วยยางพะไล,2026-05-17,middle,10.792,81.14,12.1,90.98,1.454,,0.017,,,,10.242
rsv285,อ่างเก็บน้ำบึงกระโตน,2026-05-17,middle,3.798,37.18,2.681,26.25,1.604,,0.017,,,,2.548
rsv287,อ่างเก็บน้ำห้วยบง,2026-05-17,middle,8.222,56.7,4.703,32.43,0.532,,0.008,,,,7.462
rsv284,อ่างเก็บน้ำห้วยสะกาด,2026-05-17,middle,2.5,69.87,1.666,46.56,0.855,,0.005,,,,2.38
rsv283,อ่างเก็บน้ำลำฉมวก,2026-05-17,middle,17.997,76.76,11.962,51.02,2.062,,,,0.018,,16.741
rsv291,อ่างเก็บน้ำห้วยทับครัว,2026-05-17,middle,2.092,41.84,2.006,40.12,0.314,,0.001,,,,1.327
rsv280,อ่างเก็บน้ำห้วยเพลียก,2026-05-17,middle,1.003,66.87,0.69,46.0,0.32,,0.001,,,,0.701
rsv282,อ่างเก็บน้ำห้วยหิน,2026-05-17,middle,0.558,28.62,1.035,53.08,0.665,,0.001,,,,0.508
rsv336,อ่างเก็บน้ำคลองระบม,2026-05-17,middle,16.833,30.33,10.366,18.68,0.922,,0.057,,0.103,,9.033
rsv337,อ่างเก็บน้ำลาดกระทิง,2026-05-17,middle,0.675,16.07,0.87,20.71,0.337,,0.03,,,,0.475
rsv338,อ่างเก็บน้ำลุ่มน้ำโจน 16,2026-05-17,middle,1.157,58.73,0.904,45.89,0.268,,0.029,,,,0.987
rsv339,อ่างเก็บน้ำลุ่มน้ำโจน 2,2026-05-17,middle,0.601,30.66,0.512,26.12,0.026,,0.001,,,,0.301
rsv340,อ่างเก็บน้ำคลองบอน,2026-05-17,middle,,0.0,0.01,0.4,0.0,,,,,,
rsv341,อ่างเก็บน้ำคลองศาลทราย,2026-05-17,middle,2.088,20.88,4.907,49.07,0.214,,,,,,1.088
rsv342,อ่างเก็บน้ำคลองพระพุทธ,2026-05-17,middle,40.21,57.03,39.894,56.58,0.21,,,,,,39.22
rsv516,อ่างเก็บน้ำคลองประแกด,2026-05-17,middle,29.071,48.24,31.96,53.04,1.098,,,,0.07,,26.171
rsv555,อ่างเก็บน้ำ คลองหางแมว,2026-05-17,middle,40.37,50.02,,,0.822,,,,0.28,,34.67
rsv343,อ่างเก็บน้ำหนองกลางดง,2026-05-17,middle,5.96,77.91,4.488,58.67,2.057,,0.008,,0.008,,5.66
rsv344,อ่างเก็บน้ำชากนอก,2026-05-17,middle,3.076,43.76,4.564,64.92,1.618,,0.01,,0.01,,2.676
rsv345,อ่างเก็บน้ำมาบประชัน,2026-05-17,middle,9.028,54.39,8.262,49.77,2.82,,0.016,,0.037,,8.268
rsv346,อ่างเก็บน้ำหนองค้อ,2026-05-17,middle,12.682,59.26,11.728,54.8,5.084,,0.014,,0.048,,11.682
rsv347,อ่างเก็บน้ำห้วยขุนจิต,2026-05-17,middle,0.455,9.48,0.562,11.71,0.289,,,,0.001,,0.205
rsv348,อ่างเก็บน้ำมาบฟักทอง 1,2026-05-17,middle,0.791,64.31,0.922,74.96,0.056,,,,0.001,,0.591
rsv349,อ่างเก็บน้ำห้วยสะพาน,2026-05-17,middle,2.936,76.46,2.451,63.83,1.491,,0.023,,0.007,,2.636
rsv350,อ่างเก็บน้ำมาบฟักทอง 2,2026-05-17,middle,1.23,61.5,1.658,82.9,0.115,,0.002,,0.002,,1.04
rsv351,อ่างเก็บน้ำบ้านบึง,2026-05-17,middle,6.097,55.53,2.321,21.14,2.168,,0.05,,0.021,,3.277
rsv352,อ่างเก็บน้ำห้วยตู้ 1,2026-05-17,middle,0.643,42.87,0.596,39.73,0.17,,0.003,,0.003,,0.553
rsv353,อ่างเก็บน้ำห้วยตู้ 2,2026-05-17,middle,2.114,72.9,2.197,75.76,0.13,,0.004,,0.004,,1.914
rsv491,อ่างเก็บน้ำคลองหลวง รัชชโลทร,2026-05-17,middle,16.579,16.92,26.235,26.77,9.722,,,,0.125,,13.629
rsv547,อ่างเก็บน้ำ คลองกระแส,2026-05-17,middle,12.61,69.59,,,10.334,,,,,,11.34
rsv354,อ่างเก็บน้ำเขาอีโต้ 1,2026-05-17,middle,0.683,23.55,0.892,30.76,7.232,,,,0.048,,0.183
rsv355,อ่างเก็บน้ำทับลาน,2026-05-17,middle,1.472,54.02,1.739,63.82,0.637,,,,0.047,,0.972
rsv499,อ่างเก็บน้ำคลองไม้ปล้อง,2026-05-17,middle,3.341,31.22,4.187,39.13,0.657,,,,0.031,,3.231
rsv357,อ่างเก็บน้ำดอกกราย,2026-05-17,middle,49.007,68.64,44.653,62.54,26.58,,0.133,,0.047,,46.007
rsv358,อ่างเก็บน้ำคลองระโอก,2026-05-17,middle,6.904,35.13,7.498,38.16,2.809,,0.521,,0.345,,6.704
rsv359,อ่างเก็บน้ำคลองใหญ่,2026-05-17,middle,21.893,43.1,16.04,31.57,56.563,,,,0.037,,18.893
rsv360,อ่างเก็บน้ำเขาระกำ,2026-05-17,middle,14.281,29.95,19.046,39.94,0.567,,,,0.055,,11.971
rsv361,อ่างเก็บน้ำบ้านมะนาว,2026-05-17,middle,1.317,56.04,1.964,83.57,0.608,,0.008,,,,1.247
rsv362,อ่างเก็บน้ำด่านชุมพล,2026-05-17,middle,3.882,69.32,3.321,59.3,0.793,,0.047,,0.017,,3.582
rsv363,อ่างเก็บน้ำห้วยแร้ง,2026-05-17,middle,17.812,48.4,17.812,48.4,1.384,,0.326,,0.014,,15.312
rsv364,อ่างเก็บน้ำวังปลาหมอ,2026-05-17,middle,4.034,60.83,3.8,57.3,0.327,,0.008,,,,3.434
rsv497,อ่างเก็บน้ำคลองสะพานหิน,2026-05-17,middle,6.849,34.25,7.753,38.77,0.017,,,,0.013,,6.349
rsv498,อ่างเก็บน้ำคลองโสน,2026-05-17,middle,30.235,46.52,39.942,61.45,0.994,,0.029,,0.029,,27.755
rsv365,อ่างเก็บน้ำพระปรง,2026-05-17,middle,41.86,43.15,10.67,11.0,3.406,,0.121,,0.092,,37.86
rsv366,อ่างเก็บน้ำห้วยชัน,2026-05-17,middle,1.499,37.48,1.72,43.0,0.597,,0.003,,,,0.639
rsv367,อ่างเก็บน้ำท่ากะบาก,2026-05-17,middle,3.43,46.99,2.018,27.64,0.122,,,,0.004,,2.63
rsv368,อ่างเก็บน้ำคลองสามสิบ,2026-05-17,middle,2.2,38.1,4.3,74.46,0.332,,0.011,,0.001,,1.4
rsv369,อ่างเก็บน้ำเขารัง,2026-05-17,middle,0.166,4.46,0.18,4.84,0.203,,0.003,,,,0.046
rsv370,อ่างเก็บน้ำคลองเกลือ,2026-05-17,middle,3.024,54.98,2.898,52.69,0.989,,0.011,,,,2.224
rsv371,อ่างเก็บน้ำช่องกล่ำล่าง,2026-05-17,middle,0.65,29.55,0.615,27.95,0.156,,,,0.001,,0.45
rsv372,อ่างเก็บน้ำห้วยเขาดิน,2026-05-17,middle,0.222,15.86,0.213,15.21,0.118,,0.001,,,,0.122
rsv373,อ่างเก็บน้ำห้วยยาง,2026-05-17,middle,7.6,12.67,8.35,13.92,2.709,,0.064,,0.121,,3.6
rsv374,อ่างเก็บน้ำห้วยตะเคียน,2026-05-17,middle,1.407,14.07,1.226,12.26,0.486,,,,,,1.207
rsv375,อ่างเก็บน้ำคลองส้มป่อย,2026-05-17,middle,0.5,27.78,1.142,63.44,0.071,,,,,,0.4
rsv379,อ่างเก็บน้ำคลองตาด้วง,2026-05-17,middle,0.523,29.06,0.08,4.44,0.01,,,,,,0.423
rsv496,อ่างเก็บน้ำคลองพระสะทึง,2026-05-17,middle,20.749,31.92,8.563,13.17,3.046,,0.12,,0.1,,16.749
rsv380,อ่างเก็บน้ำห้วยปรือ,2026-05-17,middle,4.942,55.72,4.579,51.62,0.416,,,,0.009,,4.822
rsv381,อ่างเก็บน้ำคลองสีเสียด,2026-05-17,middle,0.331,29.04,0.41,35.96,0.001,,,,,,0.261
rsv382,อ่างเก็บน้ำคลองโบด,2026-05-17,middle,0.186,4.38,0.587,13.81,0.448,,0.004,,0.005,,0.176
rsv383,อ่างเก็บน้ำทรายทอง,2026-05-17,middle,0.465,23.25,0.972,48.6,0.065,,,,0.011,,0.345
rsv384,อ่างเก็บน้ำคลองวังบอน,2026-05-17,middle,2.14,28.16,2.119,27.88,0.091,,,,0.02,,1.86
rsv386,อ่างเก็บน้ำคลองกลาง,2026-05-17,middle,0.919,29.65,1.368,44.13,0.03,,,,0.036,,0.819
rsv67,อ่างเก็บน้ำคลองเฉลียงลับ,2026-05-17,middle,2.048,26.09,2.158,27.49,1.321,,0.083,,0.007,,1.348
rsv68,อ่างเก็บน้ำห้วยขอนแก่น,2026-05-17,middle,10.36,31.19,13.72,41.3,34.472,,0.14,,0.14,,7.14
rsv69,อ่างเก็บน้ำห้วยป่าแดง,2026-05-17,middle,5.326,28.42,4.887,26.08,1.806,,0.027,,0.027,,3.626
rsv70,อ่างเก็บน้ำห้วยป่าเลา,2026-05-17,middle,5.139,61.18,4.56,54.29,0.468,,,,,,4.955
rsv472,อ่างเก็บน้ำน้ำก้อ,2026-05-17,middle,9.368,45.52,8.746,42.5,2.268,,0.059,,0.024,,8.556
rsv473,อ่างเก็บน้ำห้วยใหญ่,2026-05-17,middle,4.194,31.65,3.21,24.23,1.217,,0.019,,0.006,,3.194
rsv474,อ่างเก็บน้ำห้วยนา,2026-05-17,middle,2.268,40.14,2.519,44.58,0.785,,,,,,1.668
rsv475,อ่างเก็บน้ำคลองลำกง,2026-05-17,middle,27.232,56.13,21.328,43.96,7.381,,,,0.36,,19.684
rsv476,อ่างเก็บน้ำห้วยน้ำชุนใหญ่,2026-05-17,middle,3.71,49.34,1.563,20.78,1.702,,0.03,,0.03,,3.07
rsv477,อ่างเก็บน้ำห้วยเล็ง,2026-05-17,middle,7.05,40.99,8.2,47.67,1.377,,0.043,,0.009,,6.25
rsv506,อ่างเก็บน้ำห้วยท่าพล,2026-05-17,middle,4.473,34.89,3.459,26.98,1.835,,0.011,,0.005,,3.46
rsv390,อ่างเก็บน้ำซับตะเคียน,2026-05-17,middle,1.38,16.39,0.595,7.07,0.05,,,,,,1.03
rsv391,อ่างเก็บน้ำห้วยโป่ง,2026-05-17,middle,0.2,9.66,0.34,16.43,0.0,,,,,,0.15
rsv392,อ่างเก็บน้ำกุดตาเพชร,2026-05-17,middle,21.38,49.72,13.451,31.28,0.448,,,,0.044,,19.38
rsv393,อ่างเก็บน้ำห้วยใหญ่ (วังแขม),2026-05-17,middle,2.59,21.58,4.503,37.53,0.216,,,,,,1.09
rsv396,อ่างเก็บน้ำห้วยหิน,2026-05-17,middle,0.57,25.33,0.688,30.58,0.017,,0.004,,,,0.37
rsv525,อ่างเก็บน้ำห้วยแฟน,2026-05-17,middle,,0.0,,0.0,0.0,,,,,,
rsv526,อ่างเก็บน้ำห้วยใหญ่,2026-05-17,middle,1.35,17.76,2.32,30.53,0.0,,,,,,1.3
rsv556,อ่างเก็บน้ำ คุ้งใหญ่,2026-05-17,middle,,0.0,,,0.0,,,,,,
rsv397,อ่างเก็บน้ำบ้านดง,2026-05-17,middle,1.1,34.59,0.916,28.81,0.466,,0.01,,0.026,,0.85
rsv398,อ่างเก็บน้ำคลองเพรียว,2026-05-17,middle,6.3,109.38,5.62,97.57,1.5,,,,,,4.25
rsv399,อ่างเก็บน้ำห้วยหินขาว,2026-05-17,middle,0.374,34.0,0.481,43.73,0.051,,,,,,
rsv470,อ่างเก็บน้ำมวกเหล็ก,2026-05-17,middle,37.16,60.92,27.507,45.09,3.692,,,,0.224,,36.06
rsv389,อ่างเก็บน้ำห้วยขุนแก้ว,2026-05-17,middle,20.26,38.96,5.66,10.88,1.37,,,,,,18.09
rsv529,อ่างเก็บน้ำวังร่มเกล้า,2026-05-17,middle,0.7,15.09,0.02,0.43,0.0,,,,,,0.07
rsv401,อ่างเก็บน้ำห้วยท่าเดื่อ,2026-05-17,middle,1.964,70.14,1.856,66.29,0.0,,,,,,1.764
rsv484,อ่างเก็บน้ำห้วยยาง,2026-05-17,middle,1.096,68.5,1.364,85.25,0.0,,,,,,0.946
rsv527,อ่างเก็บน้ำห้วยหนองโรง,2026-05-17,middle,4.66,33.29,2.81,20.07,0.0,,,,,,3.81
rsv402,อ่างเก็บน้ำลำตะเพิน,2026-05-17,middle,36.988,73.98,25.169,50.34,0.06,,,,0.234,,32.188
rsv403,อ่างเก็บน้ำห้วยเทียน,2026-05-17,middle,5.528,51.91,4.595,43.15,0.35,,,,,,4.128
rsv404,อ่างเก็บน้ำห้วยพุตะเคียน,2026-05-17,middle,2.771,69.27,1.58,39.5,0.029,,,,0.074,,2.531
rsv517,อ่างเก็บน้ำห้วยกระพร้อย,2026-05-17,middle,17.508,75.56,8.814,38.04,0.0,,,,,,16.366
rsv557,อ่างเก็บน้ำ ห้วยลำทราย,2026-05-17,middle,5.904,89.88,,,0.03,,,,0.018,,5.774
rsv405,อ่างเก็บน้ำชัฎป่าหวาย,2026-05-17,middle,1.581,63.24,1.29,51.6,0.041,,,,0.005,,1.331
rsv406,อ่างเก็บน้ำห้วยสำนักไม้เต็ง,2026-05-17,middle,13.929,30.63,5.859,12.88,0.809,,,,,,11.929
rsv407,อ่างเก็บน้ำห้วยมะหาด,2026-05-17,middle,2.412,56.09,2.252,52.37,0.078,,,,0.007,,2.192
rsv408,อ่างเก็บน้ำห้วยท่าเคย,2026-05-17,middle,10.521,44.96,10.221,43.68,0.425,,,,0.024,,9.521
rsv410,อ่างเก็บน้ำห้วยสามเขา,2026-05-17,middle,0.43,12.65,0.693,20.38,0.0,,,,,,0.31
rsv411,อ่างเก็บน้ำห้วยสงสัย,2026-05-17,middle,1.617,39.89,1.91,47.11,1.004,,,,0.513,,1.217
rsv412,อ่างเก็บน้ำห้วยทราย,2026-05-17,middle,0.04,2.05,0.26,13.33,0.0,,,,,,
rsv413,อ่างเก็บน้ำทุ่งขาม,2026-05-17,middle,2.097,26.21,3.776,47.2,0.032,,,,0.011,,1.487
rsv414,อ่างเก็บน้ำห้วยตะแปด,2026-05-17,middle,0.222,5.55,0.966,24.15,0.04,,,,,,0.092
rsv420,อ่างเก็บน้ำบ้านกระหร่างสาม,2026-05-17,middle,0.159,2.65,0.737,12.28,0.0,,,,,,
rsv421,อ่างเก็บน้ำแม่ประจันต์,2026-05-17,middle,7.396,17.53,9.503,22.52,14.108,,0.099,,0.13,,5.356
rsv467,อ่างเก็บน้ำห้วยผาก,2026-05-17,middle,11.408,41.48,7.355,26.75,2.204,,0.08,,0.043,,8.408
rsv423,อ่างเก็บน้ำคลองช่องลม,2026-05-17,middle,0.499,9.07,0.79,14.36,0.142,,0.001,,,,0.199
rsv424,อ่างเก็บน้ำคลองจะกระ,2026-05-17,middle,0.768,7.38,1.141,10.97,0.465,,,,,,0.268
rsv425,อ่างเก็บน้ำยางชุม,2026-05-17,middle,10.541,25.65,17.161,41.75,0.945,,,,0.104,,6.541
rsv426,อ่างเก็บน้ำคลองบึง,2026-05-17,middle,0.935,4.21,2.842,12.8,0.454,,,,,,0.135
rsv427,อ่างเก็บน้ำห้วยอ่างหิน,2026-05-17,middle,0.275,9.82,0.641,22.89,0.241,,0.001,,,,0.125
rsv428,อ่างเก็บน้ำห้วยไทรงาม,2026-05-17,middle,2.876,30.27,7.061,74.33,0.094,,,,,,1.976
rsv429,อ่างเก็บน้ำห้วยวังเต็น,2026-05-17,middle,2.805,24.61,6.615,58.03,0.307,,,,0.01,,2.135
rsv488,อ่างเก็บน้ำห้วยมงคล,2026-05-17,middle,1.105,18.89,3.684,62.97,0.345,,,,0.01,,0.865
rsv500,อ่างเก็บน้ำหาดส้มแป้น,2026-05-17,middle,5.326,53.26,6.719,67.19,0.179,,,,0.019,,3.526
rsv430,อ่างเก็บน้ำบางกำปรัด,2026-05-17,middle,9.055,56.59,10.669,66.68,39.141,,0.652,,0.268,,8.805
rsv431,อ่างเก็บน้ำห้วยลึก,2026-05-17,middle,1.914,78.12,1.948,79.51,1.875,,0.012,,0.016,,1.854
rsv432,อ่างเก็บน้ำห้วยน้ำเขียว,2026-05-17,middle,3.442,47.15,3.371,46.18,0.58,,0.003,,0.01,,3.202
rsv433,อ่างเก็บน้ำคลองหยา,2026-05-17,middle,2.235,69.84,2.361,73.78,5.332,,0.078,,0.084,,2.195
rsv471,อ่างเก็บน้ำคลองแห้ง,2026-05-17,middle,2.38,19.04,1.79,14.32,11.978,,0.158,,0.167,,1.38
rsv542,อ่างเก็บน้ำ ห้วยทรายขาว,2026-05-17,middle,3.089,61.78,3.133,62.66,0.258,,,,0.015,,2.964
rsv434,อ่างเก็บน้ำห้วยน้ำใส,2026-05-17,middle,44.455,51.69,72.569,84.38,16.435,,0.046,,0.492,,42.455
rsv435,อ่างเก็บน้ำคลองกะทูน,2026-05-17,middle,46.87,66.48,62.47,88.61,32.033,,0.535,,0.225,,32.57
rsv436,อ่างเก็บน้ำบ้านเสม็ดจวน,2026-05-17,middle,0.85,50.0,1.486,87.41,0.085,,,,,,0.75
rsv437,อ่างเก็บน้ำคลองดินแดง,2026-05-17,middle,39.72,66.2,46.69,77.82,14.009,,0.463,,0.363,,26.72
rsv543,อ่างเก็บน้ำ คลองสังข์,2026-05-17,middle,10.74,29.36,8.706,23.8,2.64,,0.039,,0.016,,9.56
rsv438,อ่างเก็บน้ำบางวาด,2026-05-17,middle,2.5,24.51,3.11,30.49,0.366,,,,0.015,,2.23
rsv439,อ่างเก็บน้ำบางเหนียวดำ,2026-05-17,middle,2.97,38.13,3.2,41.08,1.011,,0.013,,0.026,,2.942
rsv510,อ่างเก็บน้ำคลองกะทะ,2026-05-17,middle,1.7,41.09,1.87,45.2,0.405,,0.013,,0.013,,1.537
rsv446,อ่างเก็บน้ำบางทรายนวล,2026-05-17,middle,1.097,50.09,1.112,50.78,0.051,,,,,,0.997
rsv447,อ่างเก็บน้ำคลองสวนหนัง,2026-05-17,middle,1.203,93.26,1.103,85.5,3.342,,0.023,,0.021,,0.993
rsv440,อ่างเก็บน้ำคลองท่างิ้ว,2026-05-17,middle,10.83,58.54,10.704,57.86,9.567,,0.031,,0.111,,10.43
rsv492,อ่างเก็บน้ำบ้านพรุเตย,2026-05-17,middle,0.339,30.21,0.478,42.6,1.33,,0.012,,0.013,,
rsv528,อ่างเก็บน้ำคลองทรายขาว,2026-05-17,middle,4.123,74.96,3.964,72.07,10.981,,0.081,,0.081,,4.123
rsv441,อ่างเก็บน้ำคลองป่าบอน,2026-05-17,middle,7.22,36.1,17.91,89.55,9.322,,0.082,,0.116,,6.32
rsv442,อ่างเก็บน้ำป่าพะยอม,2026-05-17,middle,12.4,60.49,16.4,80.0,29.027,,,,0.061,,11.6
rsv482,อ่างเก็บน้ำคลองหัวช้าง,2026-05-17,middle,15.92,53.07,28.15,93.83,21.553,,0.155,,0.195,,15.37
rsv443,อ่างเก็บน้ำคลองจำไหร,2026-05-17,middle,3.33,55.5,4.9,81.67,0.28,,0.03,,,,3.23
rsv444,อ่างเก็บน้ำคลองหลา,2026-05-17,middle,9.33,43.56,16.51,77.08,0.875,,0.01,,0.02,,9.025
rsv445,อ่างเก็บน้ำคลองสะเดา,2026-05-17,middle,32.535,57.34,54.171,95.47,8.856,,,,0.239,,30.979
rsv448,อ่างเก็บน้ำใกล้บ้าน,2026-05-17,middle,1.11,29.76,2.24,60.05,2.138,,0.013,,0.013,,1.06
rsv509,อ่างเก็บน้ำบ้านไบก์ (บ้านไบ้),2026-05-17,middle,0.458,38.17,0.948,79.0,1.212,,0.008,,0.012,,0.428
