reservoir_id,reservoir_name,date,source_type,storage_current (million m^3),storage_pct_current (%),storage_prev_year_same_day (million m^3),storage_pct_prev_year_same_day (%),storage_jan1_current_year (million m^3),storage_jan1_prev_year (million m^3),inflow_daily (million m^3/day),inflow_ytd (million m^3),outflow_daily (million m^3/day),outflow_ytd (million m^3),usable_water_current (million m^3)
200102,เขื่อนสิริกิติ์,2022-08-04,large,4126.0,43.0,3370.0,35.0,4382.0,5320.0,19.97,1970.82,12.82,2071.05,
200101,เขื่อนภูมิพล,2022-08-04,large,5810.0,43.0,4397.0,33.0,7978.0,5469.0,18.45,1429.2,7.11,3333.01,
100104,เขื่อนแม่กวงอุดมธารา,2022-08-04,large,99.41,38.0,40.76,15.0,85.71,110.44,0.56,252.01,0.87,48.3,
100107,เขื่อนแควน้อยบำรุงแดน,2022-08-04,large,436.0,46.0,266.25,28.0,859.0,407.04,11.39,527.34,8.64,928.81,
200103,เขื่อนแม่งัดสมบูรณ์ชล,2022-08-04,large,163.62,62.0,92.49,35.0,114.33,141.52,1.35,104.35,0.35,55.05,
100108,เขื่อนแม่มอก,2022-08-04,large,49.0,45.0,45.18,41.0,100.0,42.6,0.21,96.21,0.21,75.82,
100105,เขื่อนกิ่วลม,2022-08-04,large,70.8,67.0,40.04,38.0,96.84,68.43,4.86,285.52,6.42,312.77,
100106,เขื่อนกิ่วคอหมา,2022-08-04,large,133.63,79.0,52.76,31.0,140.54,75.88,1.11,145.93,2.64,148.59,
200205,เขื่อนอุบลรัตน์,2022-08-04,large,984.62,41.0,796.53,33.0,2071.33,1495.11,9.33,885.03,14.81,1622.63,
200204,เขื่อนจุฬาภรณ์,2022-08-04,large,97.06,59.0,104.79,64.0,154.52,145.37,1.01,74.83,0.53,69.79,
200203,เขื่อนน้ำพุง,2022-08-04,large,67.71,41.0,54.67,33.0,93.59,87.27,0.55,46.79,,56.91,
200212,เขื่อนสิรินธร,2022-08-04,large,1143.3,58.0,1168.31,59.0,1693.75,1626.06,7.77,658.03,3.05,760.31,
100208,เขื่อนลำพระเพลิง,2022-08-04,large,100.0,65.0,83.97,54.0,153.0,154.41,0.41,76.52,0.9,142.0,
100207,เขื่อนลำตะคอง,2022-08-04,large,180.0,57.0,,,325.0,345.22,2.46,135.05,1.3,223.25,
100210,เขื่อนลำแชะ,2022-08-04,large,177.0,64.0,,,275.0,243.38,0.41,78.51,0.12,136.59,
100201,เขื่อนห้วยหลวง,2022-08-04,large,50.0,37.0,47.99,35.0,72.08,57.8,0.42,73.73,0.14,34.73,
100206,เขื่อนลำปาว,2022-08-04,large,1006.0,51.0,734.77,37.0,1213.0,946.48,10.31,885.21,3.57,741.38,
100211,เขื่อนลำนางรอง,2022-08-04,large,92.0,76.0,72.74,60.0,116.0,99.13,0.28,51.13,0.23,39.85,
100209,เขื่อนมูลบน,2022-08-04,large,90.0,64.0,,,139.0,141.0,0.41,34.89,0.06,70.86,
100202,เขื่อนน้ำอูน,2022-08-04,large,286.0,55.0,230.25,44.0,306.0,232.75,5.04,168.38,0.78,117.19,
100301,เขื่อนป่าสักชลสิทธิ์,2022-08-04,large,386.0,40.0,69.84,7.0,855.0,656.66,12.86,711.32,6.97,870.32,
100302,เขื่อนทับเสลา,2022-08-04,large,80.31,50.0,30.61,19.0,137.08,108.19,2.42,46.84,0.05,111.24,
100303,เขื่อนกระเสียว,2022-08-04,large,176.35,59.0,105.7,35.0,299.99,199.15,1.62,154.87,0.1,226.72,
200402,เขื่อนวชิราลงกรณ,2022-08-04,large,4854.47,55.0,5468.04,62.0,7491.08,4675.21,21.16,1622.91,15.15,3923.38,
200401,เขื่อนศรีนครินทร์,2022-08-04,large,13748.46,77.0,11813.45,67.0,16338.26,13191.95,27.82,1700.29,23.39,4013.84,
100514,เขื่อนนฤบดินทรจินดา,2022-08-04,large,88.99,30.0,146.96,50.0,248.0,222.9,0.73,73.0,,185.24,
100503,เขื่อนบางพระ,2022-08-04,large,85.0,73.0,40.12,34.0,108.0,75.48,0.25,43.07,0.28,65.05,
100501,เขื่อนขุนด่านปราการชล,2022-08-04,large,74.0,33.0,87.23,39.0,196.0,192.53,1.68,64.0,0.1,180.21,
100502,เขื่อนคลองสียัด,2022-08-04,large,141.0,34.0,61.2,15.0,206.0,161.87,2.45,121.3,0.14,154.49,
100504,เขื่อนหนองปลาไหล,2022-08-04,large,136.0,83.0,118.41,72.0,164.0,157.62,1.45,128.72,0.38,50.12,
100505,เขื่อนประแสร์,2022-08-04,large,220.28,75.0,197.94,67.0,277.34,228.21,5.11,109.53,0.63,132.21,
200603,เขื่อนรัชชประภา,2022-08-04,large,3404.45,60.0,3478.06,62.0,4473.53,3750.77,17.81,1472.97,18.79,2447.83,
200604,เขื่อนบางลาง,2022-08-04,large,907.4,62.0,762.5,52.0,1048.76,1369.0,9.35,1574.8,12.15,1660.93,
200601,เขื่อนแก่งกระจาน,2022-08-04,large,372.0,52.0,,,636.55,520.16,2.85,279.61,2.59,417.72,
100602,เขื่อนปราณบุรี,2022-08-04,large,234.0,60.0,198.72,51.0,345.0,354.8,0.44,218.91,0.41,242.42,
rsv01,อ่างเก็บน้ำห้วยแม่ออน,2022-08-04,middle,2.734,60.35,0.976,21.55,1.212,,0.026,,0.006,,1.934
rsv02,อ่างเก็บน้ำแม่จอกหลวง,2022-08-04,middle,0.872,79.27,0.525,47.73,0.165,,0.004,,0.002,,0.772
rsv03,อ่างเก็บน้ำห้วยมะนาว,2022-08-04,middle,2.73,63.49,2.063,47.98,0.958,,0.012,,,,2.63
rsv04,อ่างเก็บน้ำห้วยโป่งจ้อ,2022-08-04,middle,2.06,74.31,0.407,14.68,0.057,,,,,,2.01
rsv05,อ่างเก็บน้ำแม่ตูบ,2022-08-04,middle,18.472,47.36,2.81,7.21,1.688,,,,0.128,,17.972
rsv06,อ่างเก็บน้ำแม่โก๋น,2022-08-04,middle,4.46,80.65,1.584,28.64,3.88,,0.125,,,,4.14
rsv07,อ่างเก็บน้ำห้วยเดื่อ,2022-08-04,middle,3.419,79.96,2.793,65.32,0.468,,,,,,3.136
rsv08,อ่างเก็บน้ำแม่แหลงหลวง,2022-08-04,middle,2.422,66.52,0.696,19.12,1.9,,0.02,,0.035,,2.295
rsv09,อ่างเก็บน้ำแม่ข้อน,2022-08-04,middle,3.125,76.59,1.504,36.86,0.553,,,,,,2.775
rsv10,อ่างเก็บน้ำสันหนอง,2022-08-04,middle,1.447,99.79,1.312,90.48,3.191,,0.088,,0.078,,1.097
rsv11,อ่างเก็บน้ำแม่ทะลบหลวง,2022-08-04,middle,12.22,79.87,7.731,50.53,0.066,,,,0.011,,9.92
rsv531,อ่างเก็บน้ำ แม่สะลวม,,middle,,,,,,,,,,,
rsv13,อ่างเก็บน้ำแม่ตีบ,2022-08-04,middle,2.85,28.5,1.392,13.92,0.829,,,,,,2.35
rsv14,อ่างเก็บน้ำแม่สาน,2022-08-04,middle,3.825,23.91,2.963,18.52,1.207,,,,,,2.945
rsv15,อ่างเก็บน้ำแม่ธิ,2022-08-04,middle,2.394,43.53,2.42,44.0,0.358,,0.005,,,,2.244
rsv16,อ่างเก็บน้ำแม่เมย,2022-08-04,middle,2.893,80.36,1.55,43.06,1.429,,,,,,2.873
rsv19,อ่างเก็บน้ำห้วยช้าง,2022-08-04,middle,4.925,78.17,4.467,70.9,4.616,,0.02,,0.12,,4.625
rsv20,อ่างเก็บน้ำแม่ต๊าก,2022-08-04,middle,8.16,62.77,3.66,28.15,7.15,,0.12,,0.06,,6.71
rsv21,อ่างเก็บน้ำแม่สรวย,2022-08-04,middle,35.47,48.59,29.404,40.28,61.433,,0.773,,0.549,,32.47
rsv483,อ่างเก็บน้ำดอยงู,2022-08-04,middle,4.396,59.65,3.117,42.29,13.874,,0.151,,0.114,,3.056
rsv22,อ่างเก็บน้ำแม่ทะ,2022-08-04,middle,2.032,80.0,0.262,10.31,1.294,,0.002,,0.022,,1.792
rsv23,อ่างเก็บน้ำแม่อาบ,2022-08-04,middle,5.28,69.84,1.728,22.86,0.888,,,,0.13,,4.74
rsv24,อ่างเก็บน้ำแม่ทาน,2022-08-04,middle,12.676,93.21,4.535,33.35,4.924,,,,0.066,,11.316
rsv25,อ่างเก็บน้ำห้วยสมัย,2022-08-04,middle,1.2,100.0,0.919,76.58,1.114,,0.015,,0.015,,1.04
rsv26,อ่างเก็บน้ำแม่พริก,2022-08-04,middle,2.61,62.14,2.2,52.38,1.393,,0.01,,,,2.21
rsv27,อ่างเก็บน้ำแม่เลียงพัฒนา,2022-08-04,middle,5.24,75.94,2.912,42.2,2.767,,0.024,,,,4.44
rsv29,อ่างเก็บน้ำแม่ทรายคำ,2022-08-04,middle,0.283,22.68,0.188,15.06,0.34,,,,0.008,,0.145
rsv30,อ่างเก็บน้ำห้วยหลวงวังวัว,2022-08-04,middle,1.044,64.84,0.647,40.19,0.601,,,,,,0.894
rsv31,อ่างเก็บน้ำห้วยแม่ค่อม,2022-08-04,middle,1.348,99.41,1.118,82.45,2.184,,0.003,,0.018,,1.188
rsv32,อ่างเก็บน้ำแม่ต๋ำน้อย,2022-08-04,middle,1.083,108.3,0.607,60.7,0.933,,0.1,,,,1.013
rsv33,อ่างเก็บน้ำแม่เฟือง,2022-08-04,middle,1.044,92.23,0.574,50.71,0.818,,,,0.033,,0.866
rsv34,อ่างเก็บน้ำแม่ไฮ,2022-08-04,middle,1.139,92.98,0.747,60.98,0.92,,0.014,,0.039,,1.024
rsv35,อ่างเก็บน้ำแม่ธิ,2022-08-04,middle,0.103,6.48,0.072,4.53,0.177,,0.028,,0.028,,
rsv36,อ่างเก็บน้ำห้วยแม่งอน,2022-08-04,middle,1.216,95.0,1.152,90.0,1.454,,,,0.016,,1.1
rsv37,อ่างเก็บน้ำแม่ต๋ำตอนล่าง,2022-08-04,middle,2.353,92.64,1.274,50.16,2.208,,0.05,,0.05,,1.662
rsv38,อ่างเก็บน้ำแม่วะ,2022-08-04,middle,5.9,100.0,4.69,79.49,6.044,,0.06,,0.06,,4.95
rsv39,อ่างเก็บน้ำแม่ล้อหัก,2022-08-04,middle,0.785,58.76,0.12,8.98,0.324,,0.005,,0.005,,0.737
rsv40,อ่างเก็บน้ำแม่ทก,2022-08-04,middle,0.594,53.37,0.904,81.22,0.658,,0.002,,,,0.54
rsv41,อ่างเก็บน้ำแม่เรียง,2022-08-04,middle,0.842,75.18,0.646,57.68,1.571,,0.001,,0.017,,0.504
rsv42,อ่างเก็บน้ำห้วยหลวง,2022-08-04,middle,1.26,100.0,0.028,2.22,1.774,,0.005,,0.005,,1.09
rsv43,อ่างเก็บน้ำแม่กึ๊ด,2022-08-04,middle,1.005,77.31,0.308,23.69,1.529,,,,,,0.845
rsv44,อ่างเก็บน้ำห้วยเกี๋ยง,2022-08-04,middle,7.946,68.5,2.32,20.0,1.145,,0.028,,0.12,,7.346
rsv45,อ่างเก็บน้ำแม่ปอน,2022-08-04,middle,1.061,58.62,0.78,43.09,0.629,,0.014,,0.06,,0.91
rsv46,อ่างเก็บน้ำห้วยแม่ยาว,2022-08-04,middle,2.54,72.99,0.609,17.5,1.747,,0.031,,0.101,,2.26
rsv47,อ่างเก็บน้ำแม่ไพร,2022-08-04,middle,1.744,54.5,0.89,27.81,0.926,,,,0.032,,1.614
rsv48,อ่างเก็บน้ำห้วยแม่สัน,2022-08-04,middle,3.525,100.0,1.445,40.99,1.185,,0.014,,0.014,,3.485
rsv478,อ่างเก็บน้ำแม่พริก (ผาวิ่งชู้),2022-08-04,middle,30.463,83.51,9.12,25.0,4.379,,,,0.083,,24.623
rsv479,อ่างเก็บน้ำแม่ฟ้า,2022-08-04,middle,14.676,73.67,7.757,38.94,3.448,,,,,,13.576
rsv523,อ่างเก็บน้ำแม่อ้อน 2,,middle,,,,,,,,,,,
rsv532,อ่างเก็บน้ำ แม่อาง,,middle,,,,,,,,,,,
rsv49,อ่างเก็บน้ำห้วยแฮต,2022-08-04,middle,3.399,67.98,1.155,23.1,4.842,,0.093,,0.071,,2.859
rsv50,อ่างเก็บน้ำน้ำแหง,2022-08-04,middle,13.102,100.78,10.856,83.51,42.976,,0.557,,0.481,,10.232
rsv51,อ่างเก็บน้ำน้ำพงษ์,2022-08-04,middle,1.128,75.7,0.502,33.69,5.862,,0.034,,0.064,,0.758
rsv52,อ่างเก็บน้ำห้วยน้ำฮิ,2022-08-04,middle,5.709,95.15,1.722,28.7,6.567,,0.133,,0.164,,5.309
rsv533,อ่างเก็บน้ำ น้ำริม,,middle,,,,,,,,,,,
rsv534,อ่างเก็บน้ำ ห้วยชื่น,,middle,,,,,,,,,,,
rsv53,อ่างเก็บน้ำแม่ต๋ำ,2022-08-04,middle,31.869,76.79,10.265,24.73,20.494,,0.129,,0.129,,29.369
rsv54,อ่างเก็บน้ำแม่ปืม,2022-08-04,middle,39.745,78.98,4.653,9.25,25.661,,,,0.233,,38.095
rsv480,อ่างเก็บน้ำแม่ใจ,2022-08-04,middle,2.461,82.03,0.522,17.4,1.777,,0.033,,,,1.361
rsv522,อ่างเก็บน้ำแม่จุน,,middle,,,,,,,,,,,
rsv55,อ่างเก็บน้ำคลองตรอน,2022-08-04,middle,33.398,56.61,40.861,69.26,31.183,,0.451,,,,27.398
rsv450,อ่างเก็บน้ำห้วยแม่เฉย,2022-08-04,middle,3.002,75.05,3.567,89.18,2.381,,0.018,,0.03,,2.732
rsv518,อ่างเก็บน้ำห้วยน้ำรี,2022-08-04,middle,,0.0,,,0.0,,,,,,
rsv387,อ่างเก็บน้ำห้วยน้ำลาด,2022-08-04,middle,0.632,51.8,,0.0,0.238,,,,,,0.51
rsv388,อ่างเก็บน้ำห้วยใหญ่(ไพศาลี),2022-08-04,middle,9.764,82.26,5.972,50.31,9.788,,0.163,,0.09,,8.734
rsv485,อ่างเก็บน้ำคลองโพธิ์,2022-08-04,middle,44.19,51.38,25.688,29.87,17.091,,0.05,,0.16,,38.19
rsv519,อ่างเก็บน้ำห้วยน้ำคับ,2022-08-04,middle,,0.0,,,0.0,,,,,,
rsv520,อ่างเก็บน้ำห้วยน้ำจวง,2022-08-04,middle,,0.0,,,0.0,,,,,,
rsv56,อ่างเก็บน้ำห้วยป่าบง,2022-08-04,middle,1.086,77.57,0.475,33.93,0.244,,0.003,,0.002,,1.066
rsv57,อ่างเก็บน้ำคลองน้ำไหล,2022-08-04,middle,30.4,78.96,22.3,57.92,14.357,,0.175,,0.155,,29.65
rsv511,อ่างเก็บน้ำคลองไพร,2022-08-04,middle,11.141,77.59,9.263,64.51,6.419,,0.348,,0.085,,11.11
rsv58,อ่างเก็บน้ำแม่มาน,2022-08-04,middle,11.896,63.45,11.826,63.07,11.158,,0.25,,0.152,,10.796
rsv59,อ่างเก็บน้ำแม่สอง,2022-08-04,middle,47.6,72.34,23.76,36.11,18.195,,0.563,,0.623,,35.0
rsv60,อ่างเก็บน้ำแม่ถาง,2022-08-04,middle,24.67,80.57,19.44,63.49,20.412,,0.354,,0.384,,22.17
rsv61,อ่างเก็บน้ำแม่คำปอง,2022-08-04,middle,5.716,84.56,4.281,63.33,12.177,,0.24,,0.193,,5.588
rsv464,อ่างเก็บน้ำแม่สาย,2022-08-04,middle,7.077,67.4,6.496,61.87,14.933,,0.301,,0.152,,5.677
rsv62,อ่างเก็บน้ำคลองข้างใน,2022-08-04,middle,5.957,66.19,,0.0,1.035,,,,,,5.617
rsv63,อ่างเก็บน้ำห้วยท่าแพ,2022-08-04,middle,32.558,56.13,23.461,40.45,16.438,,0.02,,0.02,,23.758
rsv64,อ่างเก็บน้ำห้วยแม่สูง,2022-08-04,middle,4.25,34.14,1.961,15.75,3.272,,,,,,3.21
rsv490,อ่างเก็บน้ำห้วยทรวง,2022-08-04,middle,3.421,42.76,2.37,29.63,0.162,,,,0.159,,3.021
rsv494,อ่างเก็บน้ำแม่กองค่าย,2022-08-04,middle,7.47,57.46,6.45,49.62,1.938,,,,,,6.89
rsv536,อ่างเก็บน้ำ ห้วยไร่,,middle,,,,,,,,,,,
rsv537,อ่างเก็บน้ำ ห้วยแม่สำ,,middle,,,,,,,,,,,
rsv65,อ่างเก็บน้ำห้วยแม่สอด,2022-08-04,middle,0.945,17.18,4.268,77.6,14.229,,0.142,,0.186,,0.511
rsv66,อ่างเก็บน้ำห้วยลึก,2022-08-04,middle,2.286,39.41,4.09,70.52,0.573,,,,0.055,,2.186
rsv486,อ่างเก็บน้ำห้วยแม่ท้อ,2022-08-04,middle,34.984,55.53,47.934,76.09,11.773,,,,0.266,,31.484
rsv535,อ่างเก็บน้ำ แม่สอดตอนบน,,middle,,,,,,,,,,,
rsv71,อ่างเก็บน้ำห้วยน้ำสวย,2022-08-04,middle,2.555,77.42,3.08,93.33,1.817,,0.003,,,,1.61
rsv72,อ่างเก็บน้ำห้วยยาง,2022-08-04,middle,2.787,75.06,1.274,34.31,3.296,,0.177,,,,2.067
rsv73,อ่างเก็บน้ำห้วยลิ้นควาย,2022-08-04,middle,21.743,74.98,22.286,76.85,10.04,,0.145,,0.131,,19.743
rsv74,อ่างเก็บน้ำห้วยอีเลิศ,2022-08-04,middle,0.376,22.79,0.329,19.94,2.247,,0.001,,,,0.296
rsv75,อ่างเก็บน้ำห้วยน้ำพาว,2022-08-04,middle,0.943,69.13,0.213,15.62,4.035,,0.111,,0.17,,0.913
rsv76,อ่างเก็บน้ำห้วยน้ำหมาน,2022-08-04,middle,25.769,97.24,20.735,78.25,31.054,,0.034,,0.185,,24.299
rsv77,อ่างเก็บน้ำห้วยแห้ว,2022-08-04,middle,2.317,84.87,0.727,26.63,5.518,,0.038,,0.094,,2.129
rsv502,อ่างเก็บน้ำน้ำเลย,2022-08-04,middle,19.857,55.46,32.55,90.9,75.889,,1.085,,1.619,,13.999
rsv505,อ่างเก็บน้ำ ห้วยศอก,,middle,,,,0.0,0.074,,,,,,
rsv521,อ่างเก็บน้ำห้วยน้ำทบ,2022-08-04,middle,4.944,66.54,,,0.795,,0.224,,0.286,,4.644
rsv538,อ่างเก็บน้ำ ห้วยน้ำไพร้,,middle,,,,,,,,,,,
rsv83,อ่างเก็บน้ำห้วยบังพวน,2022-08-04,middle,6.395,74.19,0.755,8.76,9.353,,0.048,,,,6.145
rsv84,อ่างเก็บน้ำห้วยทอน (ตอนบน),2022-08-04,middle,4.946,63.41,4.262,54.64,8.899,,0.024,,0.088,,4.793
rsv85,อ่างเก็บน้ำห้วยเปลวเงือก,2022-08-04,middle,1.756,63.85,1.367,49.71,6.508,,0.054,,0.062,,1.636
rsv88,อ่างเก็บน้ำห้วยหินแก้ว,2022-08-04,middle,2.826,70.65,2.008,50.2,8.126,,0.094,,0.104,,2.526
rsv512,อ่างเก็บน้ำห้วยไฮ,2022-08-04,middle,2.715,66.22,2.256,55.02,13.717,,0.153,,0.222,,2.515
rsv86,อ่างเก็บน้ำห้วยซำ,2022-08-04,middle,2.345,97.71,1.38,57.5,1.969,,0.013,,0.003,,1.82
rsv87,อ่างเก็บน้ำห้วยสหาย,2022-08-04,middle,2.059,105.05,2.01,102.55,5.039,,,,0.16,,1.922
rsv91,อ่างเก็บน้ำภูเพ็ก,2022-08-04,middle,1.717,63.59,1.039,38.48,0.69,,0.007,,,,1.542
rsv92,อ่างเก็บน้ำห้วยเดียก,2022-08-04,middle,3.46,86.5,3.026,75.65,5.126,,0.178,,0.178,,3.22
rsv93,อ่างเก็บน้ำห้วยโท-ห้วยยาง,2022-08-04,middle,4.666,60.21,1.86,24.0,6.359,,0.043,,0.034,,3.666
rsv94,อ่างเก็บน้ำห้วยหวด,2022-08-04,middle,14.275,67.98,13.578,64.66,10.158,,0.124,,0.18,,12.985
rsv95,อ่างเก็บน้ำห้วยโป่ง,2022-08-04,middle,1.185,72.7,1.018,62.45,0.542,,0.016,,0.011,,0.355
rsv96,อ่างเก็บน้ำห้วยกระเฌอ,2022-08-04,middle,3.14,34.93,1.298,14.44,3.79,,0.032,,0.039,,2.44
rsv97,อ่างเก็บน้ำห้วยโทง,2022-08-04,middle,5.236,68.89,6.665,87.7,3.311,,,,,,5.196
rsv98,อ่างเก็บน้ำห้วยทรายสว่าง,2022-08-04,middle,0.875,79.55,0.247,22.45,1.332,,,,0.008,,0.725
rsv100,อ่างเก็บน้ำห้วยก้านเหลือง,2022-08-04,middle,2.732,46.31,2.356,39.93,4.056,,,,,,2.212
rsv101,อ่างเก็บน้ำห้วยขี้หิน,2022-08-04,middle,1.88,47.0,1.67,41.75,1.439,,,,,,1.33
rsv103,อ่างเก็บน้ำห้วยคำ,2022-08-04,middle,2.843,43.74,4.6,70.77,3.771,,,,,,2.443
rsv104,อ่างเก็บน้ำห้วยซวง,2022-08-04,middle,3.548,59.13,4.836,80.6,5.091,,0.096,,0.096,,3.148
rsv105,อ่างเก็บน้ำห้วยรังแร้ง,2022-08-04,middle,0.771,35.05,1.074,48.82,1.245,,,,,,0.671
rsv106,อ่างเก็บน้ำห้วยหินแตก,2022-08-04,middle,0.674,44.93,0.583,38.87,0.196,,0.003,,,,0.524
rsv107,อ่างเก็บน้ำห้วยน้ำบ่อ,2022-08-04,middle,1.243,56.5,0.757,34.41,1.822,,0.052,,0.037,,1.168
rsv108,อ่างเก็บน้ำห้วยแข้,2022-08-04,middle,0.971,25.55,1.108,29.16,1.441,,0.003,,,,0.746
rsv109,อ่างเก็บน้ำห้วยนาอ่าง,2022-08-04,middle,1.139,62.58,0.866,47.58,0.138,,0.013,,,,0.979
rsv110,อ่างเก็บน้ำห้วยซับคำโรงสี,2022-08-04,middle,0.736,36.8,0.772,38.6,0.733,,,,,,0.236
rsv111,อ่างเก็บน้ำบ้านดงมะไฟ,2022-08-04,middle,0.288,28.8,0.447,44.7,0.388,,,,,,0.188
rsv112,อ่างเก็บน้ำห้วยทราย,2022-08-04,middle,1.169,77.93,0.511,34.07,1.553,,0.002,,,,1.166
rsv113,อ่างเก็บน้ำห้วยทรายขมิ้น,2022-08-04,middle,2.421,76.13,3.217,101.16,4.922,,0.068,,0.025,,2.181
rsv114,อ่างเก็บน้ำห้วยคำบากน้อย,2022-08-04,middle,1.308,32.7,1.945,48.63,3.037,,,,,,0.813
rsv117,อ่างเก็บน้ำห้วยหินชะแนนใหญ่,2022-08-04,middle,9.725,77.8,4.42,35.36,3.597,,0.035,,,,9.555
rsv118,อ่างเก็บน้ำห้วยคำผักหนาม,2022-08-04,middle,0.692,23.78,0.92,31.62,0.7,,,,,,0.252
rsv128,อ่างเก็บน้ำโคกภูใหม่ 2,2022-08-04,middle,0.189,18.9,0.185,18.5,0.661,,,,,,0.069
rsv131,อ่างเก็บน้ำห้วยเคลิ้ม,2022-08-04,middle,0.248,16.53,0.577,38.47,0.026,,0.002,,,,0.138
rsv132,อ่างเก็บน้ำห้วยเรือ,2022-08-04,middle,1.581,54.52,1.254,43.24,0.08,,0.006,,,,1.431
rsv133,อ่างเก็บน้ำห้วยอ่าง,2022-08-04,middle,0.441,29.4,0.666,44.4,0.053,,0.004,,,,0.321
rsv134,อ่างเก็บน้ำห้วยทรายตอนบน 1,2022-08-04,middle,1.543,73.48,0.725,34.52,0.334,,0.009,,,,1.273
rsv135,อ่างเก็บน้ำห้วยทราย,2022-08-04,middle,2.068,90.38,1.958,85.58,5.042,,0.049,,0.051,,1.818
rsv136,อ่างเก็บน้ำห้วยสามพาด,2022-08-04,middle,12.45,67.3,7.785,42.08,11.539,,0.122,,,,11.56
rsv137,อ่างเก็บน้ำบ้านจั่น,2022-08-04,middle,2.673,61.45,3.435,78.97,16.493,,0.345,,0.445,,2.673
rsv138,อ่างเก็บน้ำกุดลิงง้อ,2022-08-04,middle,2.445,37.97,1.585,24.61,2.896,,0.051,,0.024,,2.22
rsv139,อ่างเก็บน้ำหนองสำโรง,2022-08-04,middle,8.465,74.25,0.536,4.7,15.506,,0.038,,,,0.255
rsv140,อ่างเก็บน้ำหนองปะโค,2022-08-04,middle,1.896,61.62,2.058,66.88,2.084,,0.027,,,,0.896
rsv465,อ่างเก็บน้ำลำพันชาด,2022-08-04,middle,43.309,80.95,40.649,75.98,84.293,,0.764,,0.886,,37.429
rsv466,อ่างเก็บน้ำลำพันชาดน้อย,2022-08-04,middle,1.738,91.47,1.382,72.74,10.919,,0.112,,0.113,,1.598
rsv513,อ่างเก็บน้ำห้วยตะคลองใหญ่,2022-08-04,middle,6.308,75.1,6.308,75.1,4.415,,0.053,,,,6.008
rsv514,อ่างเก็บน้ำห้วยน้ำม้า,2022-08-04,middle,4.401,81.5,4.379,81.09,2.9,,0.016,,,,4.121
rsv149,อ่างเก็บน้ำห้วยเหล่ายาง,2022-08-04,middle,0.914,37.02,0.377,15.27,0.669,,,,0.003,,0.794
rsv501,อ่างเก็บน้ำห้วยน้ำบอง,2022-08-04,middle,14.66,70.48,13.54,65.1,10.822,,,,0.174,,12.48
rsv150,อ่างเก็บน้ำห้วยส้มป่อย,2022-08-04,middle,4.21,55.06,4.15,54.28,4.476,,,,,,3.61
rsv151,อ่างเก็บน้ำลำช่อระกา,2022-08-04,middle,5.54,53.72,5.4,52.37,11.295,,0.093,,0.013,,4.507
rsv152,อ่างเก็บน้ำน้ำพรม,2022-08-04,middle,3.07,91.92,2.416,72.34,101.399,,0.9,,1.033,,2.99
rsv153,อ่างเก็บน้ำลำคันฉู,2022-08-04,middle,19.004,44.61,21.301,50.0,13.708,,0.394,,0.424,,15.704
rsv154,อ่างเก็บน้ำบ้านเพชร,2022-08-04,middle,10.47,53.21,3.76,19.11,6.451,,0.243,,0.078,,7.47
rsv155,อ่างเก็บน้ำห้วยทราย,2022-08-04,middle,7.69,74.66,6.62,64.27,5.923,,0.396,,0.406,,6.19
rsv539,อ่างเก็บน้ำ โปร่งขุนเพชร,,middle,,,,,,,,,,,
rsv159,อ่างเก็บน้ำห้วยแกง,2022-08-04,middle,16.58,71.08,10.98,47.07,11.344,,0.325,,0.062,,15.93
rsv160,อ่างเก็บน้ำห้วยสะทด,2022-08-04,middle,8.124,69.67,7.666,65.75,12.785,,0.542,,0.251,,7.624
rsv161,อ่างเก็บน้ำบึงอร่าม,2022-08-04,middle,1.888,52.44,2.278,63.28,8.488,,,,,,1.603
rsv162,อ่างเก็บน้ำหนองหญ้าม้า,2022-08-04,middle,2.307,90.19,0.777,30.38,3.165,,,,,,2.007
rsv163,อ่างเก็บน้ำห้วยวังลิ้นฟ้า,2022-08-04,middle,2.476,73.91,0.563,16.81,1.093,,,,,,2.306
rsv164,อ่างเก็บน้ำห้วยสังเคียบ,2022-08-04,middle,7.566,100.88,6.688,89.17,21.359,,0.536,,0.683,,7.037
rsv165,อ่างเก็บน้ำลำพะยัง (ตอนบน),2022-08-04,middle,2.423,58.57,3.325,80.37,7.874,,0.038,,,,2.273
rsv166,อ่างเก็บน้ำห้วยสีทน,2022-08-04,middle,2.347,66.11,2.013,56.7,13.876,,0.246,,0.367,,2.257
rsv167,อ่างเก็บน้ำห้วยโพธิ์,2022-08-04,middle,1.582,64.73,1.661,67.96,25.324,,0.175,,0.107,,1.352
rsv168,อ่างเก็บน้ำห้วยมะโน,2022-08-04,middle,3.316,57.02,3.687,63.4,3.787,,0.116,,,,2.716
rsv169,อ่างเก็บน้ำห้วยผึ้ง,2022-08-04,middle,3.109,74.92,2.994,72.14,4.547,,0.024,,0.05,,2.869
rsv170,อ่างเก็บน้ำห้วยฝา,2022-08-04,middle,3.233,50.34,4.108,63.97,13.668,,0.124,,0.156,,2.533
rsv171,อ่างเก็บน้ำห้วยจุมจัง,2022-08-04,middle,5.111,69.25,5.747,77.86,8.79,,0.088,,,,4.444
rsv540,อ่างเก็บน้ำ ห้วยสมอทบ,,middle,,,,,,,,,,,
rsv177,อ่างเก็บน้ำแก่งละว้า,2022-08-04,middle,45.976,100.42,26.2,57.23,36.649,,0.261,,0.141,,44.676
rsv178,อ่างเก็บน้ำห้วยยาง,2022-08-04,middle,2.355,78.01,1.499,49.65,2.424,,0.019,,,,1.825
rsv179,อ่างเก็บน้ำหนองนาวัว,2022-08-04,middle,0.822,59.09,0.408,29.33,0.794,,0.016,,,,0.615
rsv180,อ่างเก็บน้ำห้วยทราย,2022-08-04,middle,2.392,101.57,1.199,50.91,3.891,,0.036,,0.03,,2.162
rsv181,อ่างเก็บน้ำหนองกรองแก้ว,2022-08-04,middle,9.295,68.4,5.601,41.22,6.462,,0.05,,,,4.985
rsv182,อ่างเก็บน้ำห้วยใหญ่,2022-08-04,middle,0.88,62.86,0.591,42.21,0.0,,,,,,0.51
rsv183,อ่างเก็บน้ำละเลิงหวาย,2022-08-04,middle,3.154,84.4,1.193,31.92,3.111,,,,0.005,,3.124
rsv184,อ่างเก็บน้ำห้วยเตย,2022-08-04,middle,4.173,78.19,1.752,32.83,0.0,,,,,,4.143
rsv185,อ่างเก็บน้ำห้วยลอมไผ่,2022-08-04,middle,4.53,80.89,2.892,51.64,1.738,,,,,,4.27
rsv188,อ่างเก็บน้ำโสกรวก,2022-08-04,middle,0.126,12.6,0.138,13.8,0.0,,,,,,
rsv190,อ่างเก็บน้ำแก่งเลิงจาน,2022-08-04,middle,6.68,83.25,4.648,57.93,5.54,,0.473,,0.01,,4.405
rsv191,อ่างเก็บน้ำห้วยขอนสัก,2022-08-04,middle,8.821,101.87,4.261,49.21,6.225,,0.107,,0.14,,7.741
rsv192,อ่างเก็บน้ำหนองเทวราช,2022-08-04,middle,1.314,81.82,0.465,28.95,1.307,,0.003,,0.003,,1.036
rsv193,อ่างเก็บน้ำหนองบัว,2022-08-04,middle,2.225,62.15,0.912,25.47,3.209,,0.03,,0.03,,1.733
rsv194,อ่างเก็บน้ำร่องหัวช้าง,2022-08-04,middle,1.194,92.56,0.544,42.17,1.742,,0.032,,0.042,,0.435
rsv195,อ่างเก็บน้ำห้วยประดู่,2022-08-04,middle,2.694,96.08,0.704,25.11,3.152,,0.006,,0.025,,2.654
rsv196,อ่างเก็บน้ำห้วยคะคาง,2022-08-04,middle,2.081,50.44,0.807,19.56,2.116,,0.064,,0.005,,1.747
rsv197,อ่างเก็บน้ำหนองกระทุ่ม,2022-08-04,middle,0.854,32.4,1.004,38.09,1.43,,0.011,,0.023,,0.779
rsv198,อ่างเก็บน้ำหนองแกดำ,2022-08-04,middle,0.88,54.15,0.818,50.34,0.784,,0.003,,0.003,,0.76
rsv199,อ่างเก็บน้ำห้วยค้อ,2022-08-04,middle,13.009,41.51,14.062,44.87,13.056,,0.024,,0.024,,9.816
rsv201,อ่างฯ อ่างเก็บน้ำหนองบ่อ,2022-08-04,middle,1.756,49.0,2.552,71.21,1.003,,,,,,1.565
rsv202,อ่างเก็บน้ำห้วยเชียงคำ,2022-08-04,middle,2.727,53.83,2.478,48.91,2.547,,0.015,,0.015,,2.048
rsv203,อ่างเก็บน้ำห้วยจอกขวาง,2022-08-04,middle,3.047,100.23,1.775,58.39,7.988,,1.575,,1.649,,2.908
rsv204,อ่างเก็บน้ำหนองไฮ,2022-08-04,middle,0.764,34.05,0.463,20.63,0.94,,0.01,,0.003,,0.597
rsv207,อ่างเก็บน้ำห้วยแอ่ง,2022-08-04,middle,7.722,34.63,2.056,9.22,4.596,,0.182,,,,7.322
rsv208,อ่างเก็บน้ำหนองหญ้าม้า,2022-08-04,middle,1.47,69.44,0.312,14.74,1.797,,0.021,,0.023,,1.379
rsv209,อ่างเก็บน้ำธวัชชัย,2022-08-04,middle,4.024,80.37,1.754,35.03,5.133,,,,0.074,,3.914
rsv210,อ่างเก็บน้ำห้วยแล้ง,2022-08-04,middle,1.328,30.09,0.349,7.91,1.116,,0.013,,,,1.143
rsv211,อ่างเก็บน้ำห้วยวังนอง,2022-08-04,middle,5.157,44.87,4.924,42.85,4.258,,0.062,,,,4.843
rsv212,อ่างเก็บน้ำห้วยกุดแคน,2022-08-04,middle,0.976,48.9,0.436,21.84,0.648,,0.01,,,,0.753
rsv213,อ่างเก็บน้ำห้วยกุดแดง,2022-08-04,middle,0.777,27.69,0.869,30.97,0.18,,,,,,0.509
rsv214,อ่างเก็บน้ำห้วยจานใต้,2022-08-04,middle,1.907,32.91,0.599,10.34,1.328,,0.093,,,,1.347
rsv215,อ่างเก็บน้ำหนองผือ,2022-08-04,middle,2.021,48.37,1.347,32.24,0.469,,,,,,0.817
rsv217,อ่างเก็บน้ำห้วยพุงใหญ่,2022-08-04,middle,4.856,62.26,4.562,58.49,1.84,,,,,,4.406
rsv218,อ่างเก็บน้ำห้วยหินชะแนน,2022-08-04,middle,2.085,86.88,2.31,96.25,2.482,,,,0.04,,1.96
rsv219,อ่างเก็บน้ำห้วยผักดอก,2022-08-04,middle,2.074,74.07,0.99,35.36,0.994,,0.32,,,,1.774
rsv220,อ่างเก็บน้ำห้วยก้านเหลือง,2022-08-04,middle,1.66,22.41,2.8,37.8,0.544,,0.07,,,,0.94
rsv221,อ่างเก็บน้ำห้วยศรีคุณ,2022-08-04,middle,2.282,98.7,1.97,85.21,0.884,,0.039,,,,2.259
rsv222,อ่างเก็บน้ำบ้านดงน้อย,2022-08-04,middle,1.72,33.08,1.02,19.62,1.052,,0.04,,,,1.47
rsv223,อ่างเก็บน้ำห้วยแคน,2022-08-04,middle,5.06,45.94,5.38,48.85,3.839,,,,,,4.51
rsv224,อ่างเก็บน้ำห้วยส้มโฮง,2022-08-04,middle,2.813,90.16,2.98,95.51,3.254,,,,0.028,,2.793
rsv225,อ่างเก็บน้ำบุ่งหมากโมง,2022-08-04,middle,1.476,67.4,1.83,83.56,0.686,,,,,,1.076
rsv226,อ่างเก็บน้ำห้วยนางออ,2022-08-04,middle,2.668,80.85,1.89,57.27,1.277,,0.428,,,,2.218
rsv227,อ่างเก็บน้ำห้วยกกคูณ,2022-08-04,middle,0.62,31.0,0.5,25.0,0.141,,,,,,0.54
rsv228,อ่างเก็บน้ำห้วยกะเบา,2022-08-04,middle,4.048,79.37,4.41,86.47,1.219,,0.068,,,,3.648
rsv229,อ่างเก็บน้ำห้วยวังม่วง,2022-08-04,middle,0.552,36.8,0.35,23.33,0.107,,,,,,0.522
rsv515,อ่างเก็บน้ำห้วยอ้วน,2022-08-04,middle,5.357,102.62,5.29,101.34,4.693,,0.034,,,,3.257
rsv235,อ่างเก็บน้ำห้วยขี้เหล็ก,2022-08-04,middle,10.8,40.37,10.28,38.43,1.87,,0.16,,,,8.8
rsv236,อ่างเก็บน้ำห้วยชะโนด,2022-08-04,middle,12.965,70.46,9.15,49.73,12.5,,,,,,12.315
rsv237,อ่างเก็บน้ำห้วยมุก,2022-08-04,middle,2.12,43.27,3.15,64.29,2.08,,0.09,,,,1.92
rsv238,อ่างเก็บน้ำห้วยหินลับ,2022-08-04,middle,3.925,98.13,3.965,99.13,7.39,,0.01,,0.01,,3.325
rsv239,อ่างเก็บน้ำห้วยไร่,2022-08-04,middle,2.736,97.71,2.86,102.14,4.36,,0.02,,0.02,,2.626
rsv240,อ่างเก็บน้ำห้วยไผ่,2022-08-04,middle,3.01,23.52,3.162,24.7,3.3,,0.13,,,,2.21
rsv241,อ่างเก็บน้ำห้วยพุ (ห้วยแข้),2022-08-04,middle,1.92,42.67,2.199,48.87,2.61,,0.07,,,,1.22
rsv242,อ่างเก็บน้ำห้วยพุง,2022-08-04,middle,1.78,44.5,2.284,57.1,1.67,,0.08,,,,0.93
rsv243,อ่างเก็บน้ำห้วยทา,2022-08-04,middle,1.37,61.43,2.2,98.65,1.98,,0.1,,,,0.84
rsv244,อ่างเก็บน้ำห้วยหอย,2022-08-04,middle,0.64,32.0,0.9,45.0,0.96,,0.04,,,,0.34
rsv245,อ่างเก็บน้ำห้วยขี้เหล็ก (ตอนบน),2022-08-04,middle,0.405,33.75,0.31,25.83,0.772,,0.12,,,,0.255
rsv247,อ่างเก็บน้ำห้วยไร่ 2,2022-08-04,middle,1.776,66.27,1.799,67.13,1.61,,0.09,,0.02,,1.476
rsv455,อ่างเก็บน้ำห้วยแคน,2022-08-04,middle,1.62,77.14,1.524,72.57,1.23,,0.03,,0.02,,1.53
rsv456,อ่างเก็บน้ำห้วยหมากไฟ,2022-08-04,middle,0.623,41.53,0.977,65.13,0.97,,0.03,,,,0.323
rsv458,อ่างเก็บน้ำห้วยขาหน้า,2022-08-04,middle,1.575,92.65,1.58,92.94,6.18,,0.1,,0.1,,1.205
rsv460,อ่างเก็บน้ำห้วยถ้ำไม้ดู่,2022-08-04,middle,0.65,38.24,0.788,46.35,1.68,,0.05,,0.03,,0.41
rsv468,อ่างเก็บน้ำห้วยหินลาด,2022-08-04,middle,1.055,78.15,1.347,99.78,0.5,,0.03,,,,0.655
rsv504,อ่างเก็บน้ำห้วยคันแทใหญ่,2022-08-04,middle,3.572,77.32,4.05,87.66,1.11,,,,0.04,,3.572
rsv248,อ่างเก็บน้ำห้วยถ้ำแข้,2022-08-04,middle,10.96,80.0,10.312,75.27,10.162,,0.141,,0.196,,10.11
rsv249,อ่างเก็บน้ำห้วยพลาญเสือ (ตอนล่าง),2022-08-04,middle,25.95,77.46,22.73,67.85,37.852,,0.73,,0.358,,24.83
rsv250,อ่างเก็บน้ำห้วยจันลา,2022-08-04,middle,13.03,77.1,8.68,51.36,16.724,,0.38,,0.083,,12.43
rsv251,อ่างเก็บน้ำห้วยวังใหญ่,2022-08-04,middle,6.04,75.5,2.93,36.63,6.6,,0.13,,0.094,,5.24
rsv252,อ่างเก็บน้ำห้วยเดือนห้า,2022-08-04,middle,10.08,84.0,9.65,80.42,16.65,,,,0.115,,8.234
rsv253,อ่างเก็บน้ำห้วยสะพงน้อย,2022-08-04,middle,11.4,77.55,12.22,83.13,7.554,,0.105,,0.103,,9.8
rsv254,อ่างเก็บน้ำสระสมิง,2022-08-04,middle,0.52,51.43,0.432,42.73,0.528,,0.005,,,,0.22
rsv255,อ่างเก็บน้ำหนองเหล่าหิน,2022-08-04,middle,1.078,43.47,0.972,39.19,0.546,,,,,,0.716
rsv256,อ่างเก็บน้ำหนองช้างใหญ่,2022-08-04,middle,3.749,48.85,2.371,30.89,35.415,,0.274,,0.215,,3.708
rsv258,อ่างเก็บน้ำห้วยโดน,2022-08-04,middle,3.69,78.51,3.32,70.64,12.179,,0.142,,0.159,,3.14
rsv451,อ่างเก็บน้ำห้วยละมืด,2022-08-04,middle,5.46,81.49,5.85,87.31,19.429,,0.053,,0.153,,5.36
rsv452,อ่างเก็บน้ำห้วยหินกอง,2022-08-04,middle,6.3,78.75,3.77,47.13,4.475,,0.177,,0.194,,4.6
rsv524,อ่างเก็บน้ำห้วยพลาญเสือ (ตอนบน),,middle,,,,,,,,,,,
rsv259,อ่างเก็บน้ำห้วยลิงโจน,2022-08-04,middle,10.06,47.79,7.35,34.92,2.0,,,,,,9.66
rsv260,อ่างเก็บน้ำห้วยสะแบก,2022-08-04,middle,9.8,32.34,9.84,32.48,4.064,,,,0.03,,9.2
rsv453,อ่างเก็บน้ำห้วยโพง (ตอนบน),2022-08-04,middle,7.51,60.56,7.97,64.27,2.166,,0.04,,0.04,,6.51
rsv261,อ่างเก็บน้ำพุทธอุทธยาน,2022-08-04,middle,8.992,46.53,5.743,29.72,4.324,,0.078,,0.036,,8.101
rsv262,อ่างเก็บน้ำห้วยโพธิ์ (ตอนบน),2022-08-04,middle,2.835,38.12,3.144,42.27,1.245,,0.024,,,,2.291
rsv263,อ่างเก็บน้ำห้วยสีโท,2022-08-04,middle,3.737,35.25,3.895,36.75,1.637,,0.018,,,,3.337
rsv265,อ่างเก็บน้ำลำตะโคง,2022-08-04,middle,6.309,83.77,0.542,7.2,187.364,,7.205,,7.449,,6.001
rsv266,อ่างเก็บน้ำห้วยยาง,2022-08-04,middle,8.725,63.22,7.96,57.68,8.694,,0.096,,0.007,,7.725
rsv267,อ่างเก็บน้ำห้วยตาเขียว,2022-08-04,middle,1.849,97.32,1.788,94.11,0.459,,0.009,,,,1.559
rsv268,อ่างเก็บน้ำห้วยสวาย,2022-08-04,middle,8.424,62.12,1.211,8.93,5.16,,0.304,,0.003,,7.454
rsv269,อ่างเก็บน้ำห้วยตลาด,2022-08-04,middle,22.207,71.98,12.637,40.96,5.548,,0.107,,0.011,,19.277
rsv270,อ่างเก็บน้ำห้วยจระเข้มาก,2022-08-04,middle,22.278,85.61,15.256,58.63,9.569,,0.158,,0.027,,20.668
rsv271,อ่างเก็บน้ำห้วยเมฆา,2022-08-04,middle,3.301,81.11,2.561,62.92,1.599,,0.009,,0.005,,3.201
rsv272,อ่างเก็บน้ำคลองมะนาว,2022-08-04,middle,2.181,76.58,2.108,74.02,0.874,,0.026,,0.038,,1.737
rsv273,อ่างเก็บน้ำหนองทะลอก,2022-08-04,middle,4.579,98.58,1.436,30.91,1.674,,,,,,4.479
rsv274,อ่างเก็บน้ำห้วยขี้หนู,2022-08-04,middle,1.287,80.94,0.709,44.59,0.168,,,,,,1.257
rsv275,อ่างเก็บน้ำห้วยน้อย,2022-08-04,middle,0.373,31.08,0.197,16.42,0.361,,,,0.001,,0.173
rsv276,อ่างเก็บน้ำห้วยใหญ่,2022-08-04,middle,1.407,108.23,0.906,69.69,1.286,,0.032,,0.067,,1.267
rsv277,อ่างเก็บน้ำลำปะเทีย,2022-08-04,middle,19.477,76.68,15.25,60.04,11.836,,0.141,,0.245,,18.277
rsv278,อ่างเก็บน้ำลำจังหัน,2022-08-04,middle,21.948,60.97,23.004,63.9,8.12,,0.118,,0.16,,20.148
rsv279,อ่างเก็บน้ำห้วยตะโก,2022-08-04,middle,3.195,98.31,2.318,71.32,0.902,,0.024,,,,2.795
rsv281,อ่างเก็บน้ำลำปลายมาศ,2022-08-04,middle,52.75,53.83,63.265,64.56,14.756,,0.095,,0.173,,43.45
rsv288,อ่างเก็บน้ำลำสำลาย,2022-08-04,middle,24.313,57.89,30.918,73.61,10.26,,0.581,,0.19,,22.313
rsv296,อ่างเก็บน้ำห้วยเตย,2022-08-04,middle,1.678,38.17,1.28,29.12,2.128,,0.008,,,,1.538
rsv298,อ่างเก็บน้ำลำเชียงสา,2022-08-04,middle,5.235,69.8,4.299,57.32,8.454,,0.002,,,,3.835
rsv489,อ่างเก็บน้ำสันกำแพง,2022-08-04,middle,4.812,75.19,3.226,50.41,13.371,,0.003,,,,4.052
rsv302,อ่างเก็บน้ำห้วยขนุน,2022-08-04,middle,9.271,92.5,4.046,40.37,12.935,,0.235,,0.251,,8.644
rsv303,อ่างเก็บน้ำห้วยโอตาลัต,2022-08-04,middle,2.692,70.84,1.95,51.32,4.82,,0.009,,,,2.242
rsv304,อ่างเก็บน้ำห้วยด่านไอ,2022-08-04,middle,6.862,85.49,3.075,38.31,11.708,,0.142,,0.147,,6.163
rsv305,อ่างเก็บน้ำห้วยตาจู,2022-08-04,middle,19.202,86.18,5.582,25.05,15.405,,,,0.153,,17.402
rsv306,อ่างเก็บน้ำห้วยสำราญ,2022-08-04,middle,7.331,59.36,4.739,38.37,6.201,,0.027,,,,6.031
rsv307,อ่างเก็บน้ำห้วยศาลา,2022-08-04,middle,19.558,52.76,8.254,22.27,13.863,,0.361,,,,16.758
rsv308,อ่างเก็บน้ำห้วยติ๊กชู,2022-08-04,middle,23.6,90.08,8.615,32.88,13.612,,0.218,,,,20.78
rsv309,อ่างเก็บน้ำห้วยน้ำคำ,2022-08-04,middle,2.454,100.16,1.973,80.53,0.779,,0.003,,,,2.344
rsv310,อ่างเก็บน้ำห้วยคล้า,2022-08-04,middle,3.379,89.32,2.61,68.99,1.844,,0.005,,,,3.265
rsv311,อ่างเก็บน้ำห้วยน้ำเค็ม,2022-08-04,middle,0.401,37.48,0.139,12.99,0.619,,0.015,,,,
rsv312,อ่างเก็บน้ำห้วยซัน,2022-08-04,middle,1.27,46.86,0.652,24.06,1.05,,0.019,,,,0.6
rsv313,อ่างเก็บน้ำห้วยตามาย,2022-08-04,middle,22.477,60.28,6.923,18.57,38.344,,0.631,,0.375,,21.827
rsv314,อ่างเก็บน้ำหนองสิ,2022-08-04,middle,3.706,89.09,0.863,20.75,13.262,,0.081,,0.137,,1.406
rsv316,อ่างเก็บน้ำห้วยทา,2022-08-04,middle,27.875,94.23,11.9,40.23,37.052,,0.301,,0.241,,24.575
rsv317,อ่างเก็บน้ำห้วยตะแบง,2022-08-04,middle,5.04,73.31,3.408,49.57,15.479,,0.156,,0.137,,4.74
rsv318,อ่างเก็บน้ำห้วยแก้ว,2022-08-04,middle,3.715,75.52,1.273,25.88,3.121,,0.034,,0.004,,3.275
rsv319,อ่างเก็บน้ำห้วยเชิง,2022-08-04,middle,6.067,75.84,4.662,58.27,1.99,,0.006,,,,5.627
rsv320,อ่างเก็บน้ำห้วยขนาดมอญ,2022-08-04,middle,9.79,63.16,6.668,43.02,3.796,,0.029,,,,9.14
rsv321,อ่างเก็บน้ำอำปึล,2022-08-04,middle,19.847,71.71,11.208,40.49,20.631,,0.04,,0.007,,18.417
rsv322,อ่างเก็บน้ำห้วยเสนง,2022-08-04,middle,18.851,85.84,15.453,70.37,35.313,,0.119,,1.212,,18.031
rsv323,อ่างเก็บน้ำลำพอก,2022-08-04,middle,10.684,73.28,4.862,33.35,25.323,,0.097,,0.005,,10.034
rsv324,อ่างเก็บน้ำห้วยด่าน,2022-08-04,middle,5.912,62.89,5.596,59.53,1.678,,,,,,4.772
rsv325,อ่างเก็บน้ำบ้านทำนบ,2022-08-04,middle,6.416,53.47,3.74,31.17,2.373,,0.02,,0.002,,6.016
rsv326,อ่างเก็บน้ำบ้านจรัส,2022-08-04,middle,10.028,66.85,7.099,47.33,3.53,,0.025,,,,9.528
rsv328,อ่างเก็บน้ำห้วยตาเกาว์,2022-08-04,middle,6.229,72.43,2.863,33.29,3.488,,,,0.048,,6.17
rsv329,อ่างเก็บน้ำสุวรรณภา,2022-08-04,middle,1.553,98.92,0.338,21.53,3.02,,0.026,,0.026,,1.533
rsv330,อ่างเก็บน้ำห้วยกะเลงเวก,2022-08-04,middle,2.848,83.76,2.263,66.56,1.811,,0.007,,,,2.448
rsv331,อ่างเก็บน้ำห้วยระหาร,2022-08-04,middle,0.093,9.19,0.686,67.79,0.268,,,,,,0.063
rsv290,อ่างเก็บน้ำห้วยบ้านยาง,2022-08-04,middle,6.717,103.04,2.448,37.55,4.933,,0.138,,0.139,,6.197
rsv286,อ่างเก็บน้ำห้วยยาง,2022-08-04,middle,5.796,104.81,2.07,37.43,6.017,,0.3,,0.292,,5.496
rsv299,อ่างเก็บน้ำห้วยบะอีแตน,2022-08-04,middle,1.18,65.56,1.26,70.0,5.13,,0.066,,0.074,,0.878
rsv289,อ่างเก็บน้ำห้วยซับประดู่,2022-08-04,middle,14.268,51.58,17.031,61.56,4.674,,0.181,,0.048,,12.867
rsv530,อ่างเก็บน้ำทับรั้ง,,middle,,,,,,,,,,,
rsv295,อ่างเก็บน้ำห้วยปราสาทใหญ่,2022-08-04,middle,6.371,73.23,5.405,62.13,2.372,,,,,,5.521
rsv300,อ่างเก็บน้ำลำเชียงไกรตอนบน,2022-08-04,middle,8.4,100.0,6.037,71.87,16.62,,0.466,,0.089,,7.45
rsv292,อ่างเก็บน้ำลำเชียงไกรตอนล่าง,2022-08-04,middle,14.699,53.06,12.446,44.93,38.892,,0.519,,0.349,,13.549
rsv293,อ่างเก็บน้ำหนองกก,2022-08-04,middle,1.879,63.33,0.935,31.51,2.474,,0.015,,,,1.699
rsv297,อ่างเก็บน้ำห้วยตะคร้อ,2022-08-04,middle,5.344,56.25,4.939,51.99,4.378,,,,0.095,,4.714
rsv294,อ่างเก็บน้ำห้วยยางพะไล,2022-08-04,middle,12.73,95.71,6.572,49.41,6.616,,,,0.036,,12.18
rsv285,อ่างเก็บน้ำบึงกระโตน,2022-08-04,middle,4.674,45.78,1.176,11.52,2.58,,0.055,,,,3.442
rsv287,อ่างเก็บน้ำห้วยบง,2022-08-04,middle,14.096,97.21,9.095,62.72,14.906,,0.462,,0.451,,13.336
rsv284,อ่างเก็บน้ำห้วยสะกาด,2022-08-04,middle,3.727,104.16,1.594,44.55,7.712,,0.28,,0.251,,3.607
rsv283,อ่างเก็บน้ำลำฉมวก,2022-08-04,middle,25.893,110.42,16.989,72.45,30.397,,0.985,,0.949,,24.633
rsv291,อ่างเก็บน้ำห้วยทับครัว,2022-08-04,middle,3.29,65.8,3.992,79.84,1.676,,0.002,,,,2.52
rsv280,อ่างเก็บน้ำห้วยเพลียก,2022-08-04,middle,0.986,65.73,1.201,80.07,1.016,,0.006,,,,0.684
rsv282,อ่างเก็บน้ำห้วยหิน,2022-08-04,middle,0.782,40.1,0.619,31.74,1.429,,0.001,,,,0.732
rsv336,อ่างเก็บน้ำคลองระบม,2022-08-04,middle,13.033,23.48,9.53,17.17,4.3,,0.21,,0.027,,5.233
rsv337,อ่างเก็บน้ำลาดกระทิง,2022-08-04,middle,1.971,46.93,1.98,47.14,0.77,,,,0.01,,1.771
rsv338,อ่างเก็บน้ำลุ่มน้ำโจน 16,2022-08-04,middle,1.31,66.5,0.95,48.22,0.28,,,,,,1.14
rsv339,อ่างเก็บน้ำลุ่มน้ำโจน 2,2022-08-04,middle,0.822,41.94,0.54,27.55,0.212,,,,,,0.522
rsv340,อ่างเก็บน้ำคลองบอน,2022-08-04,middle,0.03,1.2,0.03,1.2,0.0,,,,,,
rsv341,อ่างเก็บน้ำคลองศาลทราย,2022-08-04,middle,6.216,62.16,5.857,58.57,19.823,,0.498,,0.607,,5.216
rsv342,อ่างเก็บน้ำคลองพระพุทธ,2022-08-04,middle,60.699,86.09,43.98,62.37,17.1,,,,0.019,,59.709
rsv516,อ่างเก็บน้ำคลองประแกด,2022-08-04,middle,44.113,73.2,43.424,72.06,54.183,,0.859,,1.766,,41.213
rsv343,อ่างเก็บน้ำหนองกลางดง,2022-08-04,middle,4.76,62.22,4.576,59.82,5.515,,0.07,,0.006,,4.46
rsv344,อ่างเก็บน้ำชากนอก,2022-08-04,middle,4.03,57.33,0.438,6.23,3.976,,0.026,,0.026,,3.63
rsv345,อ่างเก็บน้ำมาบประชัน,2022-08-04,middle,10.524,63.4,9.576,57.69,8.073,,0.04,,0.04,,9.764
rsv346,อ่างเก็บน้ำหนองค้อ,2022-08-04,middle,20.6,96.26,11.694,54.64,17.851,,0.251,,0.051,,19.6
rsv347,อ่างเก็บน้ำห้วยขุนจิต,2022-08-04,middle,3.686,76.79,2.729,56.85,1.824,,0.006,,0.006,,3.436
rsv348,อ่างเก็บน้ำมาบฟักทอง 1,2022-08-04,middle,1.126,91.54,0.536,43.58,0.88,,0.01,,0.004,,0.926
rsv349,อ่างเก็บน้ำห้วยสะพาน,2022-08-04,middle,3.965,103.26,2.728,71.04,2.999,,,,0.011,,3.665
rsv350,อ่างเก็บน้ำมาบฟักทอง 2,2022-08-04,middle,1.52,76.0,1.018,50.9,0.887,,0.018,,0.004,,1.33
rsv351,อ่างเก็บน้ำบ้านบึง,2022-08-04,middle,7.929,72.22,4.632,42.19,5.928,,0.023,,0.058,,5.109
rsv352,อ่างเก็บน้ำห้วยตู้ 1,2022-08-04,middle,1.5,100.0,1.448,96.53,1.498,,0.006,,0.006,,1.41
rsv353,อ่างเก็บน้ำห้วยตู้ 2,2022-08-04,middle,2.255,77.76,1.106,38.14,1.623,,0.017,,0.007,,2.055
rsv491,อ่างเก็บน้ำคลองหลวง รัชชโลทร,2022-08-04,middle,74.222,75.74,24.2,24.69,117.347,,0.606,,0.484,,71.272
rsv354,อ่างเก็บน้ำเขาอีโต้ 1,2022-08-04,middle,0.93,32.07,0.84,28.97,10.342,,,,0.007,,0.43
rsv355,อ่างเก็บน้ำทับลาน,2022-08-04,middle,1.77,64.95,2.788,102.31,2.682,,0.032,,,,1.27
rsv499,อ่างเก็บน้ำคลองไม้ปล้อง,2022-08-04,middle,3.41,30.08,5.583,49.25,12.793,,0.015,,,,3.3
rsv357,อ่างเก็บน้ำดอกกราย,2022-08-04,middle,56.06,78.52,43.126,60.4,68.582,,0.863,,0.141,,53.06
rsv358,อ่างเก็บน้ำคลองระโอก,2022-08-04,middle,18.532,94.31,12.02,61.17,17.673,,0.7,,0.511,,18.042
rsv359,อ่างเก็บน้ำคลองใหญ่,2022-08-04,middle,37.522,93.57,27.579,68.78,66.581,,1.171,,0.316,,34.522
rsv360,อ่างเก็บน้ำเขาระกำ,2022-08-04,middle,38.767,81.29,32.892,68.97,30.752,,0.579,,0.566,,36.457
rsv361,อ่างเก็บน้ำบ้านมะนาว,2022-08-04,middle,2.207,93.91,2.214,94.21,4.828,,0.032,,0.038,,2.137
rsv362,อ่างเก็บน้ำด่านชุมพล,2022-08-04,middle,5.992,107.0,6.076,108.5,47.431,,0.248,,0.298,,5.692
rsv363,อ่างเก็บน้ำห้วยแร้ง,2022-08-04,middle,17.437,47.38,29.958,81.41,49.613,,,,1.861,,14.937
rsv364,อ่างเก็บน้ำวังปลาหมอ,2022-08-04,middle,6.63,99.97,6.192,93.37,1.735,,0.017,,0.007,,6.03
rsv497,อ่างเก็บน้ำคลองสะพานหิน,2022-08-04,middle,20.374,101.87,16.2,81.0,13.596,,0.235,,0.177,,19.874
rsv498,อ่างเก็บน้ำคลองโสน,2022-08-04,middle,47.52,73.11,51.676,79.5,42.479,,0.266,,0.862,,45.04
rsv365,อ่างเก็บน้ำพระปรง,2022-08-04,middle,36.27,37.39,47.53,49.0,13.426,,0.07,,0.148,,32.27
rsv366,อ่างเก็บน้ำห้วยชัน,2022-08-04,middle,0.85,21.25,2.589,64.72,1.534,,0.013,,0.013,,
rsv367,อ่างเก็บน้ำท่ากะบาก,2022-08-04,middle,4.304,58.96,2.792,38.25,0.991,,0.005,,0.014,,3.504
rsv368,อ่างเก็บน้ำคลองสามสิบ,2022-08-04,middle,3.777,65.4,2.576,44.61,0.978,,,,0.003,,2.977
rsv369,อ่างเก็บน้ำเขารัง,2022-08-04,middle,2.72,73.12,0.825,22.18,2.29,,0.019,,,,2.6
rsv370,อ่างเก็บน้ำคลองเกลือ,2022-08-04,middle,3.0,54.55,3.514,63.89,1.611,,0.003,,0.017,,2.2
rsv371,อ่างเก็บน้ำช่องกล่ำล่าง,2022-08-04,middle,1.24,56.36,1.365,62.05,7.892,,0.007,,0.001,,1.04
rsv372,อ่างเก็บน้ำห้วยเขาดิน,2022-08-04,middle,0.911,65.07,0.344,24.57,0.342,,0.001,,,,0.811
rsv373,อ่างเก็บน้ำห้วยยาง,2022-08-04,middle,11.76,19.6,5.03,8.38,7.212,,0.015,,,,7.76
rsv374,อ่างเก็บน้ำห้วยตะเคียน,2022-08-04,middle,6.323,63.23,5.645,56.45,4.531,,0.008,,0.054,,6.123
rsv375,อ่างเก็บน้ำคลองส้มป่อย,2022-08-04,middle,1.172,65.11,1.034,57.44,0.902,,,,,,1.072
rsv379,อ่างเก็บน้ำคลองตาด้วง,2022-08-04,middle,1.195,66.39,1.035,57.5,0.4,,,,,,1.095
rsv496,อ่างเก็บน้ำคลองพระสะทึง,2022-08-04,middle,16.111,24.79,17.418,26.8,42.696,,0.248,,0.3,,12.111
rsv380,อ่างเก็บน้ำห้วยปรือ,2022-08-04,middle,5.083,57.31,3.07,34.61,0.463,,0.017,,0.01,,4.963
rsv381,อ่างเก็บน้ำคลองสีเสียด,2022-08-04,middle,0.375,32.89,0.721,63.25,0.004,,,,,,0.305
rsv382,อ่างเก็บน้ำคลองโบด,2022-08-04,middle,2.184,51.39,0.482,11.34,0.891,,0.005,,0.005,,2.174
rsv383,อ่างเก็บน้ำทรายทอง,2022-08-04,middle,1.15,57.5,0.809,40.45,0.404,,0.013,,0.003,,1.03
rsv384,อ่างเก็บน้ำคลองวังบอน,2022-08-04,middle,3.46,45.53,3.184,41.89,1.005,,0.053,,0.012,,3.18
rsv386,อ่างเก็บน้ำคลองกลาง,2022-08-04,middle,1.869,60.29,1.399,45.13,0.399,,0.003,,,,1.769
rsv67,อ่างเก็บน้ำคลองเฉลียงลับ,2022-08-04,middle,6.712,85.5,4.555,58.03,6.955,,0.074,,0.063,,6.112
rsv68,อ่างเก็บน้ำห้วยขอนแก่น,2022-08-04,middle,21.36,64.3,21.04,63.34,65.01,,0.523,,0.443,,18.14
rsv69,อ่างเก็บน้ำห้วยป่าแดง,2022-08-04,middle,15.999,85.37,6.897,36.8,10.404,,0.123,,0.189,,15.899
rsv70,อ่างเก็บน้ำห้วยป่าเลา,2022-08-04,middle,6.285,74.82,1.913,22.77,2.026,,0.017,,0.017,,6.101
rsv472,อ่างเก็บน้ำน้ำก้อ,2022-08-04,middle,11.0,53.45,16.97,82.46,14.888,,0.042,,0.094,,10.19
rsv473,อ่างเก็บน้ำห้วยใหญ่,2022-08-04,middle,10.374,78.29,3.979,30.03,9.866,,0.058,,0.15,,9.374
rsv474,อ่างเก็บน้ำห้วยนา,2022-08-04,middle,3.881,68.69,2.178,38.55,3.001,,0.02,,0.109,,3.281
rsv475,อ่างเก็บน้ำคลองลำกง,2022-08-04,middle,26.2,54.0,17.35,35.76,10.456,,,,0.12,,21.4
rsv476,อ่างเก็บน้ำห้วยน้ำชุนใหญ่,2022-08-04,middle,4.085,54.32,5.145,68.42,2.302,,0.012,,0.02,,3.445
rsv477,อ่างเก็บน้ำห้วยเล็ง,2022-08-04,middle,7.812,45.42,5.458,31.73,6.988,,,,0.063,,4.512
rsv506,อ่างเก็บน้ำห้วยท่าพล,2022-08-04,middle,8.597,67.06,4.208,32.82,5.948,,0.041,,0.123,,7.747
rsv390,อ่างเก็บน้ำซับตะเคียน,2022-08-04,middle,5.357,63.62,4.306,51.14,0.166,,,,,,5.007
rsv391,อ่างเก็บน้ำห้วยโป่ง,2022-08-04,middle,0.611,29.52,0.055,2.66,0.0,,,,,,0.561
rsv392,อ่างเก็บน้ำกุดตาเพชร,2022-08-04,middle,28.417,66.09,10.683,24.84,14.74,,,,0.183,,26.417
rsv393,อ่างเก็บน้ำห้วยใหญ่ (วังแขม),2022-08-04,middle,7.298,60.82,4.027,33.56,1.941,,0.108,,,,5.798
rsv396,อ่างเก็บน้ำห้วยหิน,2022-08-04,middle,1.017,45.2,1.685,74.89,0.172,,0.012,,,,0.817
rsv525,อ่างเก็บน้ำห้วยแฟน,,middle,,,,,,,,,,,
rsv526,อ่างเก็บน้ำห้วยใหญ่,,middle,,,,,,,,,,,
rsv397,อ่างเก็บน้ำบ้านดง,2022-08-04,middle,1.132,35.6,1.995,62.74,5.206,,0.024,,,,0.882
rsv398,อ่างเก็บน้ำคลองเพรียว,2022-08-04,middle,5.76,80.0,3.7,51.39,6.42,,0.23,,,,5.663
rsv399,อ่างเก็บน้ำห้วยหินขาว,2022-08-04,middle,1.054,95.82,0.216,19.64,1.212,,,,0.003,,0.954
rsv470,อ่างเก็บน้ำมวกเหล็ก,2022-08-04,middle,21.382,35.05,32.149,52.7,41.227,,0.545,,0.093,,20.282
rsv389,อ่างเก็บน้ำห้วยขุนแก้ว,2022-08-04,middle,18.73,36.02,16.08,30.92,29.69,,0.4,,,,16.56
rsv529,อ่างเก็บน้ำวังร่มเกล้า,,middle,,,,,,,,,,,
rsv401,อ่างเก็บน้ำห้วยท่าเดื่อ,2022-08-04,middle,1.73,61.79,1.65,58.93,0.052,,,,,,1.53
rsv484,อ่างเก็บน้ำห้วยยาง,2022-08-04,middle,1.146,71.63,1.39,86.87,0.148,,0.004,,,,0.996
rsv527,อ่างเก็บน้ำห้วยหนองโรง,,middle,,,,,,,,,,,
rsv402,อ่างเก็บน้ำลำตะเพิน,2022-08-04,middle,25.811,51.62,37.222,74.44,87.933,,0.742,,0.65,,21.011
rsv403,อ่างเก็บน้ำห้วยเทียน,2022-08-04,middle,6.801,63.86,2.15,20.19,3.292,,0.104,,,,5.401
rsv404,อ่างเก็บน้ำห้วยพุตะเคียน,2022-08-04,middle,2.932,73.3,2.347,58.67,4.921,,0.071,,,,2.692
rsv517,อ่างเก็บน้ำห้วยกระพร้อย,2022-08-04,middle,9.496,40.98,,,27.271,,0.081,,0.06,,8.354
rsv405,อ่างเก็บน้ำชัฎป่าหวาย,2022-08-04,middle,1.79,71.6,1.557,62.28,0.66,,0.006,,,,1.54
rsv406,อ่างเก็บน้ำห้วยสำนักไม้เต็ง,2022-08-04,middle,34.395,75.63,29.578,65.04,11.722,,,,0.053,,32.395
rsv407,อ่างเก็บน้ำห้วยมะหาด,2022-08-04,middle,2.912,67.72,3.233,75.19,4.624,,0.012,,0.006,,2.692
rsv408,อ่างเก็บน้ำห้วยท่าเคย,2022-08-04,middle,13.827,59.09,16.947,72.42,5.032,,0.067,,0.097,,12.827
rsv410,อ่างเก็บน้ำห้วยสามเขา,2022-08-04,middle,3.03,89.12,1.838,54.06,9.959,,,,,,2.91
rsv411,อ่างเก็บน้ำห้วยสงสัย,2022-08-04,middle,3.401,83.89,1.9,46.87,1.115,,,,0.007,,3.001
rsv412,อ่างเก็บน้ำห้วยทราย,2022-08-04,middle,1.29,66.15,0.814,41.74,1.004,,,,0.008,,1.25
rsv413,อ่างเก็บน้ำทุ่งขาม,2022-08-04,middle,5.85,73.13,3.831,47.89,0.994,,,,0.02,,5.24
rsv414,อ่างเก็บน้ำห้วยตะแปด,2022-08-04,middle,2.984,74.6,2.104,52.6,4.367,,,,0.001,,2.854
rsv420,อ่างเก็บน้ำบ้านกระหร่างสาม,2022-08-04,middle,2.899,48.32,2.748,45.8,0.855,,,,0.013,,2.679
rsv421,อ่างเก็บน้ำแม่ประจันต์,2022-08-04,middle,25.81,61.16,21.57,51.11,47.265,,0.389,,0.518,,23.77
rsv467,อ่างเก็บน้ำห้วยผาก,2022-08-04,middle,15.39,55.96,11.08,40.29,34.043,,0.259,,0.259,,12.39
rsv423,อ่างเก็บน้ำคลองช่องลม,2022-08-04,middle,2.008,36.51,2.352,42.76,15.036,,0.064,,0.08,,1.708
rsv424,อ่างเก็บน้ำคลองจะกระ,2022-08-04,middle,3.492,33.58,1.428,13.73,8.872,,0.074,,0.042,,2.992
rsv425,อ่างเก็บน้ำยางชุม,2022-08-04,middle,29.027,70.63,15.809,38.46,75.015,,0.422,,0.556,,25.027
rsv426,อ่างเก็บน้ำคลองบึง,2022-08-04,middle,19.156,86.29,4.878,21.97,20.27,,,,0.01,,18.356
rsv427,อ่างเก็บน้ำห้วยอ่างหิน,2022-08-04,middle,2.16,77.14,1.513,54.04,1.047,,0.001,,,,2.01
rsv428,อ่างเก็บน้ำห้วยไทรงาม,2022-08-04,middle,6.188,65.14,5.964,62.78,6.74,,0.005,,0.02,,5.288
rsv429,อ่างเก็บน้ำห้วยวังเต็น,2022-08-04,middle,9.064,79.51,5.62,49.3,11.313,,0.048,,0.101,,8.394
rsv488,อ่างเก็บน้ำห้วยมงคล,2022-08-04,middle,3.357,57.38,3.659,62.55,9.555,,0.062,,0.062,,3.117
rsv500,อ่างเก็บน้ำหาดส้มแป้น,2022-08-04,middle,7.902,79.02,9.897,98.97,25.103,,0.218,,0.438,,6.102
rsv430,อ่างเก็บน้ำบางกำปรัด,2022-08-04,middle,11.815,73.84,11.806,73.79,11.72,,0.018,,0.042,,10.315
rsv431,อ่างเก็บน้ำห้วยลึก,2022-08-04,middle,2.04,83.27,1.438,58.69,3.423,,0.005,,,,1.98
rsv432,อ่างเก็บน้ำห้วยน้ำเขียว,2022-08-04,middle,0.935,12.81,2.902,39.75,3.02,,0.017,,0.006,,0.779
rsv433,อ่างเก็บน้ำคลองหยา,2022-08-04,middle,3.315,103.59,2.32,72.5,15.65,,0.158,,0.178,,3.275
rsv471,อ่างเก็บน้ำคลองแห้ง,2022-08-04,middle,11.342,90.74,9.022,72.18,7.279,,0.092,,0.037,,10.342
rsv542,อ่างเก็บน้ำ ห้วยทรายขาว,,middle,,,3.94,78.8,2.564,,,,,,
rsv434,อ่างเก็บน้ำห้วยน้ำใส,2022-08-04,middle,59.975,74.97,32.953,41.19,103.79,,0.33,,0.434,,57.975
rsv435,อ่างเก็บน้ำคลองกะทูน,2022-08-04,middle,60.51,85.83,48.78,69.19,150.458,,2.766,,2.246,,46.21
rsv436,อ่างเก็บน้ำบ้านเสม็ดจวน,2022-08-04,middle,1.56,91.76,1.23,72.35,1.65,,,,,,1.51
rsv437,อ่างเก็บน้ำคลองดินแดง,2022-08-04,middle,28.77,47.95,33.95,56.58,55.868,,0.456,,0.786,,15.77
rsv543,อ่างเก็บน้ำ คลองสังข์,,middle,,,,,,,,,,,
rsv438,อ่างเก็บน้ำบางวาด,2022-08-04,middle,7.7,75.49,5.77,56.57,1.819,,0.039,,0.005,,7.43
rsv439,อ่างเก็บน้ำบางเหนียวดำ,2022-08-04,middle,5.62,72.14,5.97,76.64,2.35,,0.051,,0.008,,5.592
rsv510,อ่างเก็บน้ำคลองกะทะ,2022-08-04,middle,3.49,84.3,3.29,79.47,1.686,,0.023,,0.009,,3.327
rsv446,อ่างเก็บน้ำบางทรายนวล,2022-08-04,middle,2.065,93.86,1.705,77.5,0.362,,,,0.011,,1.965
rsv447,อ่างเก็บน้ำคลองสวนหนัง,2022-08-04,middle,1.15,89.15,1.118,86.67,0.409,,,,0.005,,1.13
rsv440,อ่างเก็บน้ำคลองท่างิ้ว,2022-08-04,middle,14.3,77.3,13.48,72.86,26.594,,0.036,,0.067,,13.9
rsv492,อ่างเก็บน้ำบ้านพรุเตย,2022-08-04,middle,0.88,78.43,0.89,79.32,0.216,,0.001,,,,0.4
rsv528,อ่างเก็บน้ำคลองทรายขาว,,middle,,,,,,,,,,,
rsv441,อ่างเก็บน้ำคลองป่าบอน,2022-08-04,middle,13.41,67.05,10.0,50.0,39.1,,0.115,,0.136,,12.51
rsv442,อ่างเก็บน้ำป่าพะยอม,2022-08-04,middle,13.69,66.78,10.99,53.61,21.77,,0.105,,0.12,,12.89
rsv482,อ่างเก็บน้ำคลองหัวช้าง,2022-08-04,middle,20.35,67.83,14.9,49.67,52.038,,0.106,,0.256,,19.8
rsv443,อ่างเก็บน้ำคลองจำไหร,2022-08-04,middle,1.93,32.17,2.02,33.67,4.741,,0.013,,0.003,,1.83
rsv444,อ่างเก็บน้ำคลองหลา,2022-08-04,middle,11.16,52.1,14.83,69.23,15.801,,,,0.07,,10.855
rsv445,อ่างเก็บน้ำคลองสะเดา,2022-08-04,middle,29.37,51.76,22.326,39.35,38.56,,0.349,,0.253,,27.814
rsv448,อ่างเก็บน้ำใกล้บ้าน,2022-08-04,middle,3.12,83.65,1.88,50.4,7.09,,0.013,,0.089,,3.07
rsv509,อ่างเก็บน้ำบ้านไบก์ (บ้านไบ้),2022-08-04,middle,1.077,89.75,1.167,97.25,1.762,,0.009,,0.01,,1.047
